# TRACKC++ version(Aug 25 2014 16:45:52)
# Accelerator Physics Group - LNLS
# Campinas BRAZIL
# contact: xresende@gmail.com
# [dynap_xy]
# ebeam_energy[eV]  : 3000000000.000000
# harmonic_number   : 864
# cavity_state      : on
# radiation_state   : on
# chamber_state     : on

# s_e l_t   l_e   l_p   start_s[m]             rx[m]                  ry[m]                  de                     px[rad]                py[rad]                dl[m]                 
# --- ----- ----- ----- ---------------------- ---------------------- ---------------------- ---------------------- ---------------------- ---------------------- ----------------------
0     0     0     1     +0.000000000000000E+00 -1.200000000000000E-02 +4.100000000000000E-03 +0.000000000000000E+00 +0.000000000000000E+00 +0.000000000000000E+00 +0.000000000000000E+00
0     0     0     1     +0.000000000000000E+00 -1.200000000000000E-02 +3.416666666666667E-03 +0.000000000000000E+00 +0.000000000000000E+00 +0.000000000000000E+00 +0.000000000000000E+00
0     0     0     1     +0.000000000000000E+00 -1.200000000000000E-02 +2.733333333333333E-03 +0.000000000000000E+00 +0.000000000000000E+00 +0.000000000000000E+00 +0.000000000000000E+00
0     0     0     1     +0.000000000000000E+00 -1.200000000000000E-02 +2.050000000000000E-03 +0.000000000000000E+00 +0.000000000000000E+00 +0.000000000000000E+00 +0.000000000000000E+00
0     0     0     1     +0.000000000000000E+00 -1.200000000000000E-02 +1.366666666666667E-03 +0.000000000000000E+00 +0.000000000000000E+00 +0.000000000000000E+00 +0.000000000000000E+00
0     0     0     1     +0.000000000000000E+00 -1.200000000000000E-02 +6.833333333333335E-04 +0.000000000000000E+00 +0.000000000000000E+00 +0.000000000000000E+00 +0.000000000000000E+00
0     0     0     1     +0.000000000000000E+00 -1.200000000000000E-02 +0.000000000000000E+00 +0.000000000000000E+00 +0.000000000000000E+00 +0.000000000000000E+00 +0.000000000000000E+00
0     0     145   2     +0.000000000000000E+00 -8.000000000000000E-03 +4.100000000000000E-03 +0.000000000000000E+00 +0.000000000000000E+00 +0.000000000000000E+00 +0.000000000000000E+00
0     0     145   2     +0.000000000000000E+00 -8.000000000000000E-03 +3.416666666666667E-03 +0.000000000000000E+00 +0.000000000000000E+00 +0.000000000000000E+00 +0.000000000000000E+00
0     0     2688  2     +0.000000000000000E+00 -8.000000000000000E-03 +2.733333333333333E-03 +0.000000000000000E+00 +0.000000000000000E+00 +0.000000000000000E+00 +0.000000000000000E+00
0     500   0     0     +0.000000000000000E+00 -8.000000000000000E-03 +2.050000000000000E-03 +0.000000000000000E+00 +0.000000000000000E+00 +0.000000000000000E+00 +0.000000000000000E+00
0     500   0     0     +0.000000000000000E+00 -8.000000000000000E-03 +1.366666666666667E-03 +0.000000000000000E+00 +0.000000000000000E+00 +0.000000000000000E+00 +0.000000000000000E+00
0     500   0     0     +0.000000000000000E+00 -8.000000000000000E-03 +6.833333333333335E-04 +0.000000000000000E+00 +0.000000000000000E+00 +0.000000000000000E+00 +0.000000000000000E+00
0     500   0     0     +0.000000000000000E+00 -8.000000000000000E-03 +0.000000000000000E+00 +0.000000000000000E+00 +0.000000000000000E+00 +0.000000000000000E+00 +0.000000000000000E+00
0     0     145   2     +0.000000000000000E+00 -4.000000000000000E-03 +4.100000000000000E-03 +0.000000000000000E+00 +0.000000000000000E+00 +0.000000000000000E+00 +0.000000000000000E+00
0     0     145   2     +0.000000000000000E+00 -4.000000000000000E-03 +3.416666666666667E-03 +0.000000000000000E+00 +0.000000000000000E+00 +0.000000000000000E+00 +0.000000000000000E+00
0     2     2124  2     +0.000000000000000E+00 -4.000000000000000E-03 +2.733333333333333E-03 +0.000000000000000E+00 +0.000000000000000E+00 +0.000000000000000E+00 +0.000000000000000E+00
0     500   0     0     +0.000000000000000E+00 -4.000000000000000E-03 +2.050000000000000E-03 +0.000000000000000E+00 +0.000000000000000E+00 +0.000000000000000E+00 +0.000000000000000E+00
0     500   0     0     +0.000000000000000E+00 -4.000000000000000E-03 +1.366666666666667E-03 +0.000000000000000E+00 +0.000000000000000E+00 +0.000000000000000E+00 +0.000000000000000E+00
0     500   0     0     +0.000000000000000E+00 -4.000000000000000E-03 +6.833333333333335E-04 +0.000000000000000E+00 +0.000000000000000E+00 +0.000000000000000E+00 +0.000000000000000E+00
0     500   0     0     +0.000000000000000E+00 -4.000000000000000E-03 +0.000000000000000E+00 +0.000000000000000E+00 +0.000000000000000E+00 +0.000000000000000E+00 +0.000000000000000E+00
0     0     145   2     +0.000000000000000E+00 +1.734723475976807E-18 +4.100000000000000E-03 +0.000000000000000E+00 +0.000000000000000E+00 +0.000000000000000E+00 +0.000000000000000E+00
0     0     145   2     +0.000000000000000E+00 +1.734723475976807E-18 +3.416666666666667E-03 +0.000000000000000E+00 +0.000000000000000E+00 +0.000000000000000E+00 +0.000000000000000E+00
0     500   0     0     +0.000000000000000E+00 +1.734723475976807E-18 +2.733333333333333E-03 +0.000000000000000E+00 +0.000000000000000E+00 +0.000000000000000E+00 +0.000000000000000E+00
0     500   0     0     +0.000000000000000E+00 +1.734723475976807E-18 +2.050000000000000E-03 +0.000000000000000E+00 +0.000000000000000E+00 +0.000000000000000E+00 +0.000000000000000E+00
0     500   0     0     +0.000000000000000E+00 +1.734723475976807E-18 +1.366666666666667E-03 +0.000000000000000E+00 +0.000000000000000E+00 +0.000000000000000E+00 +0.000000000000000E+00
0     500   0     0     +0.000000000000000E+00 +1.734723475976807E-18 +6.833333333333335E-04 +0.000000000000000E+00 +0.000000000000000E+00 +0.000000000000000E+00 +0.000000000000000E+00
0     500   0     0     +0.000000000000000E+00 +1.734723475976807E-18 +0.000000000000000E+00 +0.000000000000000E+00 +0.000000000000000E+00 +0.000000000000000E+00 +0.000000000000000E+00
0     0     123   2     +0.000000000000000E+00 +4.000000000000000E-03 +4.100000000000000E-03 +0.000000000000000E+00 +0.000000000000000E+00 +0.000000000000000E+00 +0.000000000000000E+00
0     0     145   2     +0.000000000000000E+00 +4.000000000000000E-03 +3.416666666666667E-03 +0.000000000000000E+00 +0.000000000000000E+00 +0.000000000000000E+00 +0.000000000000000E+00
0     0     428   2     +0.000000000000000E+00 +4.000000000000000E-03 +2.733333333333333E-03 +0.000000000000000E+00 +0.000000000000000E+00 +0.000000000000000E+00 +0.000000000000000E+00
0     1     710   2     +0.000000000000000E+00 +4.000000000000000E-03 +2.050000000000000E-03 +0.000000000000000E+00 +0.000000000000000E+00 +0.000000000000000E+00 +0.000000000000000E+00
0     500   0     0     +0.000000000000000E+00 +4.000000000000000E-03 +1.366666666666667E-03 +0.000000000000000E+00 +0.000000000000000E+00 +0.000000000000000E+00 +0.000000000000000E+00
0     500   0     0     +0.000000000000000E+00 +4.000000000000000E-03 +6.833333333333335E-04 +0.000000000000000E+00 +0.000000000000000E+00 +0.000000000000000E+00 +0.000000000000000E+00
0     500   0     0     +0.000000000000000E+00 +4.000000000000000E-03 +0.000000000000000E+00 +0.000000000000000E+00 +0.000000000000000E+00 +0.000000000000000E+00 +0.000000000000000E+00
0     0     123   2     +0.000000000000000E+00 +8.000000000000000E-03 +4.100000000000000E-03 +0.000000000000000E+00 +0.000000000000000E+00 +0.000000000000000E+00 +0.000000000000000E+00
0     0     149   2     +0.000000000000000E+00 +8.000000000000000E-03 +3.416666666666667E-03 +0.000000000000000E+00 +0.000000000000000E+00 +0.000000000000000E+00 +0.000000000000000E+00
0     0     428   2     +0.000000000000000E+00 +8.000000000000000E-03 +2.733333333333333E-03 +0.000000000000000E+00 +0.000000000000000E+00 +0.000000000000000E+00 +0.000000000000000E+00
0     0     710   2     +0.000000000000000E+00 +8.000000000000000E-03 +2.050000000000000E-03 +0.000000000000000E+00 +0.000000000000000E+00 +0.000000000000000E+00 +0.000000000000000E+00
0     0     954   1     +0.000000000000000E+00 +8.000000000000000E-03 +1.366666666666667E-03 +0.000000000000000E+00 +0.000000000000000E+00 +0.000000000000000E+00 +0.000000000000000E+00
0     0     978   1     +0.000000000000000E+00 +8.000000000000000E-03 +6.833333333333335E-04 +0.000000000000000E+00 +0.000000000000000E+00 +0.000000000000000E+00 +0.000000000000000E+00
0     0     1121  1     +0.000000000000000E+00 +8.000000000000000E-03 +0.000000000000000E+00 +0.000000000000000E+00 +0.000000000000000E+00 +0.000000000000000E+00 +0.000000000000000E+00
0     0     0     1     +0.000000000000000E+00 +1.200000000000000E-02 +4.100000000000000E-03 +0.000000000000000E+00 +0.000000000000000E+00 +0.000000000000000E+00 +0.000000000000000E+00
0     0     0     1     +0.000000000000000E+00 +1.200000000000000E-02 +3.416666666666667E-03 +0.000000000000000E+00 +0.000000000000000E+00 +0.000000000000000E+00 +0.000000000000000E+00
0     0     0     1     +0.000000000000000E+00 +1.200000000000000E-02 +2.733333333333333E-03 +0.000000000000000E+00 +0.000000000000000E+00 +0.000000000000000E+00 +0.000000000000000E+00
0     0     0     1     +0.000000000000000E+00 +1.200000000000000E-02 +2.050000000000000E-03 +0.000000000000000E+00 +0.000000000000000E+00 +0.000000000000000E+00 +0.000000000000000E+00
0     0     0     1     +0.000000000000000E+00 +1.200000000000000E-02 +1.366666666666667E-03 +0.000000000000000E+00 +0.000000000000000E+00 +0.000000000000000E+00 +0.000000000000000E+00
0     0     0     1     +0.000000000000000E+00 +1.200000000000000E-02 +6.833333333333335E-04 +0.000000000000000E+00 +0.000000000000000E+00 +0.000000000000000E+00 +0.000000000000000E+00
0     0     0     1     +0.000000000000000E+00 +1.200000000000000E-02 +0.000000000000000E+00 +0.000000000000000E+00 +0.000000000000000E+00 +0.000000000000000E+00 +0.000000000000000E+00
