# TRACKC++ version(Jul  3 2014 13:53:14)
# Accelerator Physics Group - LNLS
# Campinas BRAZIL
# contact: xresende@gmail.com
# [dynap_ma]
# ebeam_energy[eV]  : 3000000000.000000
# harmonic_number   : 864
# cavity_state      : on
# radiation_state   : on
# chamber_state     : on

# s_e l_t   l_e   l_p   start_s[m]             rx[m]                  ry[m]                  de                     px[rad]                py[rad]                dl[m]                 
# --- ----- ----- ----- ---------------------- ---------------------- ---------------------- ---------------------- ---------------------- ---------------------- ----------------------
1     0     2226  1     +0.000000000000000E+00 +0.000000000000000E+00 +3.000000000000000E-05 -1.012500000000000E-01 +0.000000000000000E+00 +0.000000000000000E+00 +0.000000000000000E+00
1     6     1662  1     +0.000000000000000E+00 +0.000000000000000E+00 +3.000000000000000E-05 +1.231250000000000E-01 +0.000000000000000E+00 +0.000000000000000E+00 +0.000000000000000E+00
23    0     2226  1     +4.782850000000002E+00 +0.000000000000000E+00 +3.000000000000000E-05 -1.012500000000000E-01 +0.000000000000000E+00 +0.000000000000000E+00 +0.000000000000000E+00
23    5     604   1     +4.782850000000002E+00 +0.000000000000000E+00 +3.000000000000000E-05 +1.218750000000000E-01 +0.000000000000000E+00 +0.000000000000000E+00 +0.000000000000000E+00
25    0     2226  1     +5.102850000000002E+00 +0.000000000000000E+00 +3.000000000000000E-05 -1.012500000000000E-01 +0.000000000000000E+00 +0.000000000000000E+00 +0.000000000000000E+00
25    5     604   1     +5.102850000000002E+00 +0.000000000000000E+00 +3.000000000000000E-05 +1.218750000000000E-01 +0.000000000000000E+00 +0.000000000000000E+00 +0.000000000000000E+00
27    3     2081  1     +5.516890000000002E+00 +0.000000000000000E+00 +3.000000000000000E-05 -8.374999999999999E-02 +0.000000000000000E+00 +0.000000000000000E+00 +0.000000000000000E+00
27    3     558   1     +5.516890000000002E+00 +0.000000000000000E+00 +3.000000000000000E-05 +4.750000000000000E-02 +0.000000000000000E+00 +0.000000000000000E+00 +0.000000000000000E+00
35    3     1877  1     +6.840930000000003E+00 +0.000000000000000E+00 +3.000000000000000E-05 -3.875000000000001E-02 +0.000000000000000E+00 +0.000000000000000E+00 +0.000000000000000E+00
35    3     840   1     +6.840930000000003E+00 +0.000000000000000E+00 +3.000000000000000E-05 +5.312500000000001E-02 +0.000000000000000E+00 +0.000000000000000E+00 +0.000000000000000E+00
41    3     2718  1     +7.670930000000004E+00 +0.000000000000000E+00 +3.000000000000000E-05 -3.875000000000001E-02 +0.000000000000000E+00 +0.000000000000000E+00 +0.000000000000000E+00
41    3     840   1     +7.670930000000004E+00 +0.000000000000000E+00 +3.000000000000000E-05 +5.312500000000001E-02 +0.000000000000000E+00 +0.000000000000000E+00 +0.000000000000000E+00
49    3     1877  1     +8.560930000000003E+00 +0.000000000000000E+00 +3.000000000000000E-05 -3.875000000000001E-02 +0.000000000000000E+00 +0.000000000000000E+00 +0.000000000000000E+00
49    3     840   1     +8.560930000000003E+00 +0.000000000000000E+00 +3.000000000000000E-05 +5.312500000000001E-02 +0.000000000000000E+00 +0.000000000000000E+00 +0.000000000000000E+00
51    2     2718  1     +9.175061000000003E+00 +0.000000000000000E+00 +3.000000000000000E-05 -3.625000000000000E-02 +0.000000000000000E+00 +0.000000000000000E+00 +0.000000000000000E+00
51    1     1991  1     +9.175061000000003E+00 +0.000000000000000E+00 +3.000000000000000E-05 +4.187500000000000E-02 +0.000000000000000E+00 +0.000000000000000E+00 +0.000000000000000E+00
57    0     672   1     +1.054919200000000E+01 +0.000000000000000E+00 +3.000000000000000E-05 -7.312500000000001E-02 +0.000000000000000E+00 +0.000000000000000E+00 +0.000000000000000E+00
57    0     1711  1     +1.054919200000000E+01 +0.000000000000000E+00 +3.000000000000000E-05 +4.000000000000000E-02 +0.000000000000000E+00 +0.000000000000000E+00 +0.000000000000000E+00
63    14    1031  1     +1.137919200000000E+01 +0.000000000000000E+00 +3.000000000000000E-05 -6.000000000000000E-02 +0.000000000000000E+00 +0.000000000000000E+00 +0.000000000000000E+00
63    0     1711  1     +1.137919200000000E+01 +0.000000000000000E+00 +3.000000000000000E-05 +4.000000000000000E-02 +0.000000000000000E+00 +0.000000000000000E+00 +0.000000000000000E+00
70    1     184   1     +1.233919200000000E+01 +0.000000000000000E+00 +3.000000000000000E-05 -6.062500000000000E-02 +0.000000000000000E+00 +0.000000000000000E+00 +0.000000000000000E+00
70    0     1711  1     +1.233919200000000E+01 +0.000000000000000E+00 +3.000000000000000E-05 +4.000000000000000E-02 +0.000000000000000E+00 +0.000000000000000E+00 +0.000000000000000E+00
72    4     749   1     +1.255319750000000E+01 +0.000000000000000E+00 +3.000000000000000E-05 -8.499999999999999E-02 +0.000000000000000E+00 +0.000000000000000E+00 +0.000000000000000E+00
72    4     2250  1     +1.255319750000000E+01 +0.000000000000000E+00 +3.000000000000000E-05 +5.000000000000000E-02 +0.000000000000000E+00 +0.000000000000000E+00 +0.000000000000000E+00
74    7     2120  2     +1.289720300000000E+01 +0.000000000000000E+00 +3.000000000000000E-05 -8.875000000000000E-02 +0.000000000000000E+00 +0.000000000000000E+00 +0.000000000000000E+00
74    2     1968  1     +1.289720300000000E+01 +0.000000000000000E+00 +3.000000000000000E-05 +5.624999999999999E-02 +0.000000000000000E+00 +0.000000000000000E+00 +0.000000000000000E+00
76    14    2226  1     +1.295990000000000E+01 +0.000000000000000E+00 +3.000000000000000E-05 -9.187500000000000E-02 +0.000000000000000E+00 +0.000000000000000E+00 +0.000000000000000E+00
76    1     299   1     +1.295990000000000E+01 +0.000000000000000E+00 +3.000000000000000E-05 +5.375000000000001E-02 +0.000000000000000E+00 +0.000000000000000E+00 +0.000000000000000E+00
78    5     91    1     +1.315259700000000E+01 +0.000000000000000E+00 +3.000000000000000E-05 -8.875000000000000E-02 +0.000000000000000E+00 +0.000000000000000E+00 +0.000000000000000E+00
78    2     1404  1     +1.315259700000000E+01 +0.000000000000000E+00 +3.000000000000000E-05 +5.500000000000000E-02 +0.000000000000000E+00 +0.000000000000000E+00 +0.000000000000000E+00
80    19    2364  1     +1.336660250000000E+01 +0.000000000000000E+00 +3.000000000000000E-05 -8.124999999999999E-02 +0.000000000000000E+00 +0.000000000000000E+00 +0.000000000000000E+00
80    3     2226  1     +1.336660250000000E+01 +0.000000000000000E+00 +3.000000000000000E-05 +6.000000000000000E-02 +0.000000000000000E+00 +0.000000000000000E+00 +0.000000000000000E+00
86    2     2154  1     +1.429060800000000E+01 +0.000000000000000E+00 +3.000000000000000E-05 -3.750000000000001E-02 +0.000000000000000E+00 +0.000000000000000E+00 +0.000000000000000E+00
86    15    862   1     +1.429060800000000E+01 +0.000000000000000E+00 +3.000000000000000E-05 +4.375000000000000E-02 +0.000000000000000E+00 +0.000000000000000E+00 +0.000000000000000E+00
92    2     2154  1     +1.512060800000000E+01 +0.000000000000000E+00 +3.000000000000000E-05 -3.750000000000001E-02 +0.000000000000000E+00 +0.000000000000000E+00 +0.000000000000000E+00
92    1     1404  1     +1.512060800000000E+01 +0.000000000000000E+00 +3.000000000000000E-05 +4.437500000000000E-02 +0.000000000000000E+00 +0.000000000000000E+00 +0.000000000000000E+00
99    2     2154  1     +1.613060800000000E+01 +0.000000000000000E+00 +3.000000000000000E-05 -3.750000000000001E-02 +0.000000000000000E+00 +0.000000000000000E+00 +0.000000000000000E+00
99    1     1404  1     +1.613060800000000E+01 +0.000000000000000E+00 +3.000000000000000E-05 +4.437500000000000E-02 +0.000000000000000E+00 +0.000000000000000E+00 +0.000000000000000E+00
101   3     1595  1     +1.674473900000000E+01 +0.000000000000000E+00 +3.000000000000000E-05 -3.687500000000000E-02 +0.000000000000000E+00 +0.000000000000000E+00 +0.000000000000000E+00
101   4     275   1     +1.674473900000000E+01 +0.000000000000000E+00 +3.000000000000000E-05 +3.875000000000001E-02 +0.000000000000000E+00 +0.000000000000000E+00 +0.000000000000000E+00
107   1     184   1     +1.799887000000000E+01 +0.000000000000000E+00 +3.000000000000000E-05 -8.062500000000000E-02 +0.000000000000000E+00 +0.000000000000000E+00 +0.000000000000000E+00
107   5     2532  1     +1.799887000000000E+01 +0.000000000000000E+00 +3.000000000000000E-05 +4.125000000000000E-02 +0.000000000000000E+00 +0.000000000000000E+00 +0.000000000000000E+00
113   1     184   1     +1.882887000000000E+01 +0.000000000000000E+00 +3.000000000000000E-05 -8.062500000000000E-02 +0.000000000000000E+00 +0.000000000000000E+00 +0.000000000000000E+00
113   5     2532  1     +1.882887000000000E+01 +0.000000000000000E+00 +3.000000000000000E-05 +4.125000000000000E-02 +0.000000000000000E+00 +0.000000000000000E+00 +0.000000000000000E+00
123   1     184   1     +1.998887000000000E+01 +0.000000000000000E+00 +3.000000000000000E-05 -8.062500000000000E-02 +0.000000000000000E+00 +0.000000000000000E+00 +0.000000000000000E+00
123   5     2532  1     +1.998887000000000E+01 +0.000000000000000E+00 +3.000000000000000E-05 +4.125000000000000E-02 +0.000000000000000E+00 +0.000000000000000E+00 +0.000000000000000E+00
125   10    1560  2     +2.040291000000000E+01 +0.000000000000000E+00 +3.000000000000000E-05 -8.812500000000000E-02 +0.000000000000000E+00 +0.000000000000000E+00 +0.000000000000000E+00
125   4     1968  1     +2.040291000000000E+01 +0.000000000000000E+00 +3.000000000000000E-05 +4.625000000000000E-02 +0.000000000000000E+00 +0.000000000000000E+00 +0.000000000000000E+00
127   5     2120  2     +2.098695000000000E+01 +0.000000000000000E+00 +3.000000000000000E-05 -9.062500000000000E-02 +0.000000000000000E+00 +0.000000000000000E+00 +0.000000000000000E+00
127   7     886   1     +2.098695000000000E+01 +0.000000000000000E+00 +3.000000000000000E-05 +1.212500000000000E-01 +0.000000000000000E+00 +0.000000000000000E+00 +0.000000000000000E+00
147   5     2346  1     +2.591980000000001E+01 +0.000000000000000E+00 +3.000000000000000E-05 -9.062500000000000E-02 +0.000000000000000E+00 +0.000000000000000E+00 +0.000000000000000E+00
147   6     1944  1     +2.591980000000001E+01 +0.000000000000000E+00 +3.000000000000000E-05 +1.218750000000000E-01 +0.000000000000000E+00 +0.000000000000000E+00 +0.000000000000000E+00
167   5     2789  1     +3.070265000000002E+01 +0.000000000000000E+00 +3.000000000000000E-05 -9.062500000000000E-02 +0.000000000000000E+00 +0.000000000000000E+00 +0.000000000000000E+00
167   10    710   2     +3.070265000000002E+01 +0.000000000000000E+00 +3.000000000000000E-05 +1.212500000000000E-01 +0.000000000000000E+00 +0.000000000000000E+00 +0.000000000000000E+00
169   5     2508  1     +3.102265000000002E+01 +0.000000000000000E+00 +3.000000000000000E-05 -9.062500000000000E-02 +0.000000000000000E+00 +0.000000000000000E+00 +0.000000000000000E+00
169   10    992   2     +3.102265000000002E+01 +0.000000000000000E+00 +3.000000000000000E-05 +1.212500000000000E-01 +0.000000000000000E+00 +0.000000000000000E+00 +0.000000000000000E+00
171   5     710   2     +3.143669000000002E+01 +0.000000000000000E+00 +3.000000000000000E-05 -8.812500000000000E-02 +0.000000000000000E+00 +0.000000000000000E+00 +0.000000000000000E+00
171   2     2250  1     +3.143669000000002E+01 +0.000000000000000E+00 +3.000000000000000E-05 +4.625000000000000E-02 +0.000000000000000E+00 +0.000000000000000E+00 +0.000000000000000E+00
179   4     2364  1     +3.276073000000001E+01 +0.000000000000000E+00 +3.000000000000000E-05 -8.062500000000000E-02 +0.000000000000000E+00 +0.000000000000000E+00 +0.000000000000000E+00
179   4     840   1     +3.276073000000001E+01 +0.000000000000000E+00 +3.000000000000000E-05 +4.125000000000000E-02 +0.000000000000000E+00 +0.000000000000000E+00 +0.000000000000000E+00
185   3     2441  1     +3.359073000000001E+01 +0.000000000000000E+00 +3.000000000000000E-05 -8.062500000000000E-02 +0.000000000000000E+00 +0.000000000000000E+00 +0.000000000000000E+00
185   4     840   1     +3.359073000000001E+01 +0.000000000000000E+00 +3.000000000000000E-05 +4.125000000000000E-02 +0.000000000000000E+00 +0.000000000000000E+00 +0.000000000000000E+00
193   0     2723  1     +3.448073000000001E+01 +0.000000000000000E+00 +3.000000000000000E-05 -8.062500000000000E-02 +0.000000000000000E+00 +0.000000000000000E+00 +0.000000000000000E+00
193   4     840   1     +3.448073000000001E+01 +0.000000000000000E+00 +3.000000000000000E-05 +4.125000000000000E-02 +0.000000000000000E+00 +0.000000000000000E+00 +0.000000000000000E+00
195   3     2153  1     +3.509486100000001E+01 +0.000000000000000E+00 +3.000000000000000E-05 -3.625000000000000E-02 +0.000000000000000E+00 +0.000000000000000E+00 +0.000000000000000E+00
195   4     1404  1     +3.509486100000001E+01 +0.000000000000000E+00 +3.000000000000000E-05 +3.875000000000001E-02 +0.000000000000000E+00 +0.000000000000000E+00 +0.000000000000000E+00
201   4     1590  1     +3.646899200000001E+01 +0.000000000000000E+00 +3.000000000000000E-05 -3.750000000000001E-02 +0.000000000000000E+00 +0.000000000000000E+00 +0.000000000000000E+00
201   3     558   1     +3.646899200000001E+01 +0.000000000000000E+00 +3.000000000000000E-05 +4.375000000000000E-02 +0.000000000000000E+00 +0.000000000000000E+00 +0.000000000000000E+00
207   4     1590  1     +3.729899200000001E+01 +0.000000000000000E+00 +3.000000000000000E-05 -3.750000000000001E-02 +0.000000000000000E+00 +0.000000000000000E+00 +0.000000000000000E+00
207   3     558   1     +3.729899200000001E+01 +0.000000000000000E+00 +3.000000000000000E-05 +4.375000000000000E-02 +0.000000000000000E+00 +0.000000000000000E+00 +0.000000000000000E+00
214   4     1590  1     +3.825899200000000E+01 +0.000000000000000E+00 +3.000000000000000E-05 -3.750000000000001E-02 +0.000000000000000E+00 +0.000000000000000E+00 +0.000000000000000E+00
214   3     558   1     +3.825899200000000E+01 +0.000000000000000E+00 +3.000000000000000E-05 +4.375000000000000E-02 +0.000000000000000E+00 +0.000000000000000E+00 +0.000000000000000E+00
216   19    954   1     +3.847299750000000E+01 +0.000000000000000E+00 +3.000000000000000E-05 -8.124999999999999E-02 +0.000000000000000E+00 +0.000000000000000E+00 +0.000000000000000E+00
216   4     1968  1     +3.847299750000000E+01 +0.000000000000000E+00 +3.000000000000000E-05 +5.750000000000000E-02 +0.000000000000000E+00 +0.000000000000000E+00 +0.000000000000000E+00
218   5     1556  2     +3.881700300000000E+01 +0.000000000000000E+00 +3.000000000000000E-05 -8.875000000000000E-02 +0.000000000000000E+00 +0.000000000000000E+00 +0.000000000000000E+00
218   4     558   1     +3.881700300000000E+01 +0.000000000000000E+00 +3.000000000000000E-05 +5.500000000000000E-02 +0.000000000000000E+00 +0.000000000000000E+00 +0.000000000000000E+00
220   7     816   1     +3.887970000000000E+01 +0.000000000000000E+00 +3.000000000000000E-05 -9.187500000000000E-02 +0.000000000000000E+00 +0.000000000000000E+00 +0.000000000000000E+00
220   11    1968  1     +3.887970000000000E+01 +0.000000000000000E+00 +3.000000000000000E-05 +5.312500000000001E-02 +0.000000000000000E+00 +0.000000000000000E+00 +0.000000000000000E+00
222   6     2790  1     +3.907239700000000E+01 +0.000000000000000E+00 +3.000000000000000E-05 -8.875000000000000E-02 +0.000000000000000E+00 +0.000000000000000E+00 +0.000000000000000E+00
222   1     840   1     +3.907239700000000E+01 +0.000000000000000E+00 +3.000000000000000E-05 +5.562499999999999E-02 +0.000000000000000E+00 +0.000000000000000E+00 +0.000000000000000E+00
224   5     534   1     +3.928640250000000E+01 +0.000000000000000E+00 +3.000000000000000E-05 -8.562499999999999E-02 +0.000000000000000E+00 +0.000000000000000E+00 +0.000000000000000E+00
224   3     1122  1     +3.928640250000000E+01 +0.000000000000000E+00 +3.000000000000000E-05 +4.937500000000000E-02 +0.000000000000000E+00 +0.000000000000000E+00 +0.000000000000000E+00
230   2     390   1     +4.021040799999999E+01 +0.000000000000000E+00 +3.000000000000000E-05 -7.312500000000001E-02 +0.000000000000000E+00 +0.000000000000000E+00 +0.000000000000000E+00
230   2     18    1     +4.021040799999999E+01 +0.000000000000000E+00 +3.000000000000000E-05 +4.062499999999999E-02 +0.000000000000000E+00 +0.000000000000000E+00 +0.000000000000000E+00
236   19    2364  1     +4.104040799999999E+01 +0.000000000000000E+00 +3.000000000000000E-05 -7.187500000000001E-02 +0.000000000000000E+00 +0.000000000000000E+00 +0.000000000000000E+00
236   2     18    1     +4.104040799999999E+01 +0.000000000000000E+00 +3.000000000000000E-05 +4.062499999999999E-02 +0.000000000000000E+00 +0.000000000000000E+00 +0.000000000000000E+00
243   2     390   1     +4.205040799999999E+01 +0.000000000000000E+00 +3.000000000000000E-05 -7.312500000000001E-02 +0.000000000000000E+00 +0.000000000000000E+00 +0.000000000000000E+00
243   4     840   1     +4.205040799999999E+01 +0.000000000000000E+00 +3.000000000000000E-05 +4.062499999999999E-02 +0.000000000000000E+00 +0.000000000000000E+00 +0.000000000000000E+00
245   2     2441  1     +4.266453899999999E+01 +0.000000000000000E+00 +3.000000000000000E-05 -3.625000000000000E-02 +0.000000000000000E+00 +0.000000000000000E+00 +0.000000000000000E+00
245   1     301   1     +4.266453899999999E+01 +0.000000000000000E+00 +3.000000000000000E-05 +4.187500000000000E-02 +0.000000000000000E+00 +0.000000000000000E+00 +0.000000000000000E+00
251   6     1026  1     +4.391866999999999E+01 +0.000000000000000E+00 +3.000000000000000E-05 -3.937500000000001E-02 +0.000000000000000E+00 +0.000000000000000E+00 +0.000000000000000E+00
251   1     1686  1     +4.391866999999999E+01 +0.000000000000000E+00 +3.000000000000000E-05 +5.250000000000000E-02 +0.000000000000000E+00 +0.000000000000000E+00 +0.000000000000000E+00
257   6     1026  1     +4.474866999999999E+01 +0.000000000000000E+00 +3.000000000000000E-05 -3.937500000000001E-02 +0.000000000000000E+00 +0.000000000000000E+00 +0.000000000000000E+00
257   1     1686  1     +4.474866999999999E+01 +0.000000000000000E+00 +3.000000000000000E-05 +5.250000000000000E-02 +0.000000000000000E+00 +0.000000000000000E+00 +0.000000000000000E+00
267   6     1026  1     +4.590866999999999E+01 +0.000000000000000E+00 +3.000000000000000E-05 -3.937500000000001E-02 +0.000000000000000E+00 +0.000000000000000E+00 +0.000000000000000E+00
267   1     1686  1     +4.590866999999999E+01 +0.000000000000000E+00 +3.000000000000000E-05 +5.250000000000000E-02 +0.000000000000000E+00 +0.000000000000000E+00 +0.000000000000000E+00
269   3     2441  1     +4.632270999999999E+01 +0.000000000000000E+00 +3.000000000000000E-05 -8.374999999999999E-02 +0.000000000000000E+00 +0.000000000000000E+00 +0.000000000000000E+00
269   4     840   1     +4.632270999999999E+01 +0.000000000000000E+00 +3.000000000000000E-05 +4.750000000000000E-02 +0.000000000000000E+00 +0.000000000000000E+00 +0.000000000000000E+00
271   0     2508  1     +4.690674999999999E+01 +0.000000000000000E+00 +3.000000000000000E-05 -1.012500000000000E-01 +0.000000000000000E+00 +0.000000000000000E+00 +0.000000000000000E+00
271   7     604   1     +4.690674999999999E+01 +0.000000000000000E+00 +3.000000000000000E-05 +1.237500000000000E-01 +0.000000000000000E+00 +0.000000000000000E+00 +0.000000000000000E+00
288   0     2508  1     +5.183959999999998E+01 +0.000000000000000E+00 +3.000000000000000E-05 -1.012500000000000E-01 +0.000000000000000E+00 +0.000000000000000E+00 +0.000000000000000E+00
288   6     1944  1     +5.183959999999998E+01 +0.000000000000000E+00 +3.000000000000000E-05 +1.231250000000000E-01 +0.000000000000000E+00 +0.000000000000000E+00 +0.000000000000000E+00
