# ema_kicktable KICKMAP
# Author: lnls_at2tracy @ LNLS, Date: 27-Jun-2014 21:23:28
# ID Length [m]
9.9750000000E-01
# Number of Horizontal Points
81
# Number of Vertical Points
17
# Horizontal KickTable in T2m2
START
            -0.03000000 -0.02925000 -0.02850000 -0.02775000 -0.02700000 -0.02625000 -0.02550000 -0.02475000 -0.02400000 -0.02325000 -0.02250000 -0.02175000 -0.02100000 -0.02025000 -0.01950000 -0.01875000 -0.01800000 -0.01725000 -0.01650000 -0.01575000 -0.01500000 -0.01425000 -0.01350000 -0.01275000 -0.01200000 -0.01125000 -0.01050000 -0.00975000 -0.00900000 -0.00825000 -0.00750000 -0.00675000 -0.00600000 -0.00525000 -0.00450000 -0.00375000 -0.00300000 -0.00225000 -0.00150000 -0.00075000 +0.00000000 +0.00075000 +0.00150000 +0.00225000 +0.00300000 +0.00375000 +0.00450000 +0.00525000 +0.00600000 +0.00675000 +0.00750000 +0.00825000 +0.00900000 +0.00975000 +0.01050000 +0.01125000 +0.01200000 +0.01275000 +0.01350000 +0.01425000 +0.01500000 +0.01575000 +0.01650000 +0.01725000 +0.01800000 +0.01875000 +0.01950000 +0.02025000 +0.02100000 +0.02175000 +0.02250000 +0.02325000 +0.02400000 +0.02475000 +0.02550000 +0.02625000 +0.02700000 +0.02775000 +0.02850000 +0.02925000 +0.03000000 
+0.00200000 -9.820E-04 -5.430E-04 -3.967E-04 -3.826E-04 -3.145E-04 -2.480E-04 -1.913E-04 -1.458E-04 -1.105E-04 -8.345E-05 -6.295E-05 -4.745E-05 -3.581E-05 -2.704E-05 -2.045E-05 -1.548E-05 -1.173E-05 -8.900E-06 -6.760E-06 -5.140E-06 -3.913E-06 -2.981E-06 -2.273E-06 -1.734E-06 -1.323E-06 -1.009E-06 -7.685E-07 -5.835E-07 -4.408E-07 -3.292E-07 -2.407E-07 -1.687E-07 -1.075E-07 -4.954E-08 -1.328E-09 +4.073E-08 +1.107E-07 +2.007E-07 +3.827E-07 +6.460E-06 +0.000E+00 -6.460E-06 -3.827E-07 -2.007E-07 -1.107E-07 -4.073E-08 +1.328E-09 +4.954E-08 +1.075E-07 +1.687E-07 +2.407E-07 +3.292E-07 +4.408E-07 +5.835E-07 +7.685E-07 +1.009E-06 +1.323E-06 +1.734E-06 +2.273E-06 +2.981E-06 +3.913E-06 +5.140E-06 +6.760E-06 +8.900E-06 +1.173E-05 +1.548E-05 +2.045E-05 +2.704E-05 +3.581E-05 +4.745E-05 +6.295E-05 +8.345E-05 +1.105E-04 +1.458E-04 +1.913E-04 +2.480E-04 +3.145E-04 +3.826E-04 +3.967E-04 +5.430E-04 +9.820E-04 
+0.00175000 -1.783E-03 -8.950E-04 -5.285E-04 -4.256E-04 -3.337E-04 -2.564E-04 -1.946E-04 -1.466E-04 -1.101E-04 -8.265E-05 -6.205E-05 -4.660E-05 -3.506E-05 -2.640E-05 -1.992E-05 -1.505E-05 -1.139E-05 -8.630E-06 -6.550E-06 -4.975E-06 -3.783E-06 -2.881E-06 -2.194E-06 -1.673E-06 -1.275E-06 -9.725E-07 -7.400E-07 -5.620E-07 -4.239E-07 -3.162E-07 -2.306E-07 -1.606E-07 -1.007E-07 -4.128E-08 +1.128E-09 +5.325E-08 +1.312E-07 +2.485E-07 +5.565E-07 +2.629E-06 +0.000E+00 -2.629E-06 -5.565E-07 -2.485E-07 -1.312E-07 -5.325E-08 -1.128E-09 +4.128E-08 +1.007E-07 +1.606E-07 +2.306E-07 +3.162E-07 +4.239E-07 +5.620E-07 +7.400E-07 +9.725E-07 +1.275E-06 +1.673E-06 +2.194E-06 +2.881E-06 +3.783E-06 +4.975E-06 +6.550E-06 +8.630E-06 +1.139E-05 +1.505E-05 +1.992E-05 +2.640E-05 +3.506E-05 +4.660E-05 +6.205E-05 +8.265E-05 +1.101E-04 +1.466E-04 +1.946E-04 +2.564E-04 +3.337E-04 +4.256E-04 +5.285E-04 +8.950E-04 +1.783E-03 
+0.00150000 -1.539E-03 -9.620E-04 -6.180E-04 -4.616E-04 -3.502E-04 -2.638E-04 -1.976E-04 -1.475E-04 -1.100E-04 -8.205E-05 -6.130E-05 -4.591E-05 -3.443E-05 -2.587E-05 -1.949E-05 -1.470E-05 -1.111E-05 -8.405E-06 -6.375E-06 -4.837E-06 -3.676E-06 -2.796E-06 -2.130E-06 -1.622E-06 -1.236E-06 -9.420E-07 -7.165E-07 -5.435E-07 -4.099E-07 -3.054E-07 -2.221E-07 -1.539E-07 -9.500E-08 -3.403E-08 +3.199E-09 +6.365E-08 +1.477E-07 +2.816E-07 +6.265E-07 +1.676E-06 +0.000E+00 -1.676E-06 -6.265E-07 -2.816E-07 -1.477E-07 -6.365E-08 -3.199E-09 +3.403E-08 +9.500E-08 +1.539E-07 +2.221E-07 +3.054E-07 +4.099E-07 +5.435E-07 +7.165E-07 +9.420E-07 +1.236E-06 +1.622E-06 +2.130E-06 +2.796E-06 +3.676E-06 +4.837E-06 +6.375E-06 +8.405E-06 +1.111E-05 +1.470E-05 +1.949E-05 +2.587E-05 +3.443E-05 +4.591E-05 +6.130E-05 +8.205E-05 +1.100E-04 +1.475E-04 +1.976E-04 +2.638E-04 +3.502E-04 +4.616E-04 +6.180E-04 +9.620E-04 +1.539E-03 
+0.00125000 -1.264E-03 -9.365E-04 -6.655E-04 -4.884E-04 -3.635E-04 -2.699E-04 -1.999E-04 -1.480E-04 -1.097E-04 -8.150E-05 -6.065E-05 -4.528E-05 -3.388E-05 -2.542E-05 -1.911E-05 -1.440E-05 -1.087E-05 -8.215E-06 -6.220E-06 -4.720E-06 -3.584E-06 -2.725E-06 -2.074E-06 -1.580E-06 -1.203E-06 -9.160E-07 -6.970E-07 -5.285E-07 -3.981E-07 -2.963E-07 -2.151E-07 -1.482E-07 -9.025E-08 -2.774E-08 +4.882E-09 +7.190E-08 +1.596E-07 +2.989E-07 +6.090E-07 +1.081E-06 +0.000E+00 -1.081E-06 -6.090E-07 -2.989E-07 -1.596E-07 -7.190E-08 -4.882E-09 +2.774E-08 +9.025E-08 +1.482E-07 +2.151E-07 +2.963E-07 +3.981E-07 +5.285E-07 +6.970E-07 +9.160E-07 +1.203E-06 +1.580E-06 +2.074E-06 +2.725E-06 +3.584E-06 +4.720E-06 +6.220E-06 +8.215E-06 +1.087E-05 +1.440E-05 +1.911E-05 +2.542E-05 +3.388E-05 +4.528E-05 +6.065E-05 +8.150E-05 +1.097E-04 +1.480E-04 +1.999E-04 +2.699E-04 +3.635E-04 +4.884E-04 +6.655E-04 +9.365E-04 +1.264E-03 
+0.00100000 -1.057E-03 -8.835E-04 -6.845E-04 -5.065E-04 -3.736E-04 -2.746E-04 -2.017E-04 -1.484E-04 -1.095E-04 -8.100E-05 -6.010E-05 -4.477E-05 -3.343E-05 -2.504E-05 -1.879E-05 -1.414E-05 -1.067E-05 -8.060E-06 -6.100E-06 -4.623E-06 -3.509E-06 -2.666E-06 -2.029E-06 -1.544E-06 -1.176E-06 -8.950E-07 -6.805E-07 -5.160E-07 -3.885E-07 -2.888E-07 -2.093E-07 -1.436E-07 -8.640E-08 -2.246E-08 +6.190E-09 +7.825E-08 +1.675E-07 +3.035E-07 +5.505E-07 +7.150E-07 +0.000E+00 -7.150E-07 -5.505E-07 -3.035E-07 -1.675E-07 -7.825E-08 -6.190E-09 +2.246E-08 +8.640E-08 +1.436E-07 +2.093E-07 +2.888E-07 +3.885E-07 +5.160E-07 +6.805E-07 +8.950E-07 +1.176E-06 +1.544E-06 +2.029E-06 +2.666E-06 +3.509E-06 +4.623E-06 +6.100E-06 +8.060E-06 +1.067E-05 +1.414E-05 +1.879E-05 +2.504E-05 +3.343E-05 +4.477E-05 +6.010E-05 +8.100E-05 +1.095E-04 +1.484E-04 +2.017E-04 +2.746E-04 +3.736E-04 +5.065E-04 +6.845E-04 +8.835E-04 +1.057E-03 
+0.00075000 -9.165E-04 -8.310E-04 -6.880E-04 -5.175E-04 -3.808E-04 -2.782E-04 -2.032E-04 -1.487E-04 -1.092E-04 -8.060E-05 -5.965E-05 -4.435E-05 -3.307E-05 -2.473E-05 -1.855E-05 -1.394E-05 -1.051E-05 -7.935E-06 -6.000E-06 -4.547E-06 -3.450E-06 -2.621E-06 -1.993E-06 -1.517E-06 -1.154E-06 -8.785E-07 -6.680E-07 -5.060E-07 -3.809E-07 -2.830E-07 -2.048E-07 -1.401E-07 -8.345E-08 -1.824E-08 +7.160E-09 +8.280E-08 +1.722E-07 +3.005E-07 +4.857E-07 +4.991E-07 +0.000E+00 -4.991E-07 -4.857E-07 -3.005E-07 -1.722E-07 -8.280E-08 -7.160E-09 +1.824E-08 +8.345E-08 +1.401E-07 +2.048E-07 +2.830E-07 +3.809E-07 +5.060E-07 +6.680E-07 +8.785E-07 +1.154E-06 +1.517E-06 +1.993E-06 +2.621E-06 +3.450E-06 +4.547E-06 +6.000E-06 +7.935E-06 +1.051E-05 +1.394E-05 +1.855E-05 +2.473E-05 +3.307E-05 +4.435E-05 +5.965E-05 +8.060E-05 +1.092E-04 +1.487E-04 +2.032E-04 +2.782E-04 +3.808E-04 +5.175E-04 +6.880E-04 +8.310E-04 +9.165E-04 
+0.00050000 -8.270E-04 -7.900E-04 -6.845E-04 -5.235E-04 -3.855E-04 -2.806E-04 -2.040E-04 -1.489E-04 -1.090E-04 -8.030E-05 -5.935E-05 -4.405E-05 -3.281E-05 -2.452E-05 -1.837E-05 -1.381E-05 -1.039E-05 -7.845E-06 -5.930E-06 -4.493E-06 -3.407E-06 -2.588E-06 -1.967E-06 -1.497E-06 -1.140E-06 -8.670E-07 -6.590E-07 -4.991E-07 -3.756E-07 -2.789E-07 -2.016E-07 -1.376E-07 -8.140E-08 -1.515E-08 +7.815E-09 +8.590E-08 +1.747E-07 +2.947E-07 +4.331E-07 +3.766E-07 +0.000E+00 -3.766E-07 -4.331E-07 -2.947E-07 -1.747E-07 -8.590E-08 -7.815E-09 +1.515E-08 +8.140E-08 +1.376E-07 +2.016E-07 +2.789E-07 +3.756E-07 +4.991E-07 +6.590E-07 +8.670E-07 +1.140E-06 +1.497E-06 +1.967E-06 +2.588E-06 +3.407E-06 +4.493E-06 +5.930E-06 +7.845E-06 +1.039E-05 +1.381E-05 +1.837E-05 +2.452E-05 +3.281E-05 +4.405E-05 +5.935E-05 +8.030E-05 +1.090E-04 +1.489E-04 +2.040E-04 +2.806E-04 +3.855E-04 +5.235E-04 +6.845E-04 +7.900E-04 +8.270E-04 
+0.00025000 -7.775E-04 -7.645E-04 -6.805E-04 -5.265E-04 -3.881E-04 -2.819E-04 -2.046E-04 -1.489E-04 -1.090E-04 -8.010E-05 -5.915E-05 -4.386E-05 -3.265E-05 -2.439E-05 -1.826E-05 -1.372E-05 -1.033E-05 -7.790E-06 -5.890E-06 -4.460E-06 -3.382E-06 -2.569E-06 -1.952E-06 -1.485E-06 -1.131E-06 -8.600E-07 -6.535E-07 -4.950E-07 -3.724E-07 -2.765E-07 -1.997E-07 -1.361E-07 -8.015E-08 -1.326E-08 +8.195E-09 +8.760E-08 +1.758E-07 +2.897E-07 +4.001E-07 +3.142E-07 +0.000E+00 -3.142E-07 -4.001E-07 -2.897E-07 -1.758E-07 -8.760E-08 -8.195E-09 +1.326E-08 +8.015E-08 +1.361E-07 +1.997E-07 +2.765E-07 +3.724E-07 +4.950E-07 +6.535E-07 +8.600E-07 +1.131E-06 +1.485E-06 +1.952E-06 +2.569E-06 +3.382E-06 +4.460E-06 +5.890E-06 +7.790E-06 +1.033E-05 +1.372E-05 +1.826E-05 +2.439E-05 +3.265E-05 +4.386E-05 +5.915E-05 +8.010E-05 +1.090E-04 +1.489E-04 +2.046E-04 +2.819E-04 +3.881E-04 +5.265E-04 +6.805E-04 +7.645E-04 +7.775E-04 
+0.00000000 -7.620E-04 -7.565E-04 -6.790E-04 -5.275E-04 -3.889E-04 -2.824E-04 -2.047E-04 -1.490E-04 -1.089E-04 -8.005E-05 -5.910E-05 -4.380E-05 -3.260E-05 -2.434E-05 -1.823E-05 -1.369E-05 -1.031E-05 -7.775E-06 -5.875E-06 -4.450E-06 -3.374E-06 -2.561E-06 -1.947E-06 -1.481E-06 -1.127E-06 -8.575E-07 -6.515E-07 -4.936E-07 -3.713E-07 -2.756E-07 -1.991E-07 -1.355E-07 -7.975E-08 -1.263E-08 +8.315E-09 +8.820E-08 +1.761E-07 +2.878E-07 +3.889E-07 +2.950E-07 +0.000E+00 -2.950E-07 -3.889E-07 -2.878E-07 -1.761E-07 -8.820E-08 -8.315E-09 +1.263E-08 +7.975E-08 +1.355E-07 +1.991E-07 +2.756E-07 +3.713E-07 +4.936E-07 +6.515E-07 +8.575E-07 +1.127E-06 +1.481E-06 +1.947E-06 +2.561E-06 +3.374E-06 +4.450E-06 +5.875E-06 +7.775E-06 +1.031E-05 +1.369E-05 +1.823E-05 +2.434E-05 +3.260E-05 +4.380E-05 +5.910E-05 +8.005E-05 +1.089E-04 +1.490E-04 +2.047E-04 +2.824E-04 +3.889E-04 +5.275E-04 +6.790E-04 +7.565E-04 +7.620E-04 
-0.00025000 -7.775E-04 -7.645E-04 -6.805E-04 -5.265E-04 -3.881E-04 -2.819E-04 -2.046E-04 -1.489E-04 -1.090E-04 -8.010E-05 -5.915E-05 -4.386E-05 -3.265E-05 -2.439E-05 -1.826E-05 -1.372E-05 -1.033E-05 -7.790E-06 -5.890E-06 -4.460E-06 -3.382E-06 -2.569E-06 -1.952E-06 -1.485E-06 -1.131E-06 -8.600E-07 -6.535E-07 -4.950E-07 -3.724E-07 -2.765E-07 -1.997E-07 -1.361E-07 -8.015E-08 -1.326E-08 +8.195E-09 +8.760E-08 +1.758E-07 +2.897E-07 +4.001E-07 +3.142E-07 +0.000E+00 -3.142E-07 -4.001E-07 -2.897E-07 -1.758E-07 -8.760E-08 -8.195E-09 +1.326E-08 +8.015E-08 +1.361E-07 +1.997E-07 +2.765E-07 +3.724E-07 +4.950E-07 +6.535E-07 +8.600E-07 +1.131E-06 +1.485E-06 +1.952E-06 +2.569E-06 +3.382E-06 +4.460E-06 +5.890E-06 +7.790E-06 +1.033E-05 +1.372E-05 +1.826E-05 +2.439E-05 +3.265E-05 +4.386E-05 +5.915E-05 +8.010E-05 +1.090E-04 +1.489E-04 +2.046E-04 +2.819E-04 +3.881E-04 +5.265E-04 +6.805E-04 +7.645E-04 +7.775E-04 
-0.00050000 -8.270E-04 -7.900E-04 -6.845E-04 -5.235E-04 -3.855E-04 -2.806E-04 -2.040E-04 -1.489E-04 -1.090E-04 -8.030E-05 -5.935E-05 -4.405E-05 -3.281E-05 -2.452E-05 -1.837E-05 -1.381E-05 -1.039E-05 -7.845E-06 -5.930E-06 -4.493E-06 -3.407E-06 -2.588E-06 -1.967E-06 -1.497E-06 -1.140E-06 -8.670E-07 -6.590E-07 -4.991E-07 -3.756E-07 -2.789E-07 -2.016E-07 -1.376E-07 -8.140E-08 -1.515E-08 +7.815E-09 +8.590E-08 +1.747E-07 +2.947E-07 +4.331E-07 +3.766E-07 +0.000E+00 -3.766E-07 -4.331E-07 -2.947E-07 -1.747E-07 -8.590E-08 -7.815E-09 +1.515E-08 +8.140E-08 +1.376E-07 +2.016E-07 +2.789E-07 +3.756E-07 +4.991E-07 +6.590E-07 +8.670E-07 +1.140E-06 +1.497E-06 +1.967E-06 +2.588E-06 +3.407E-06 +4.493E-06 +5.930E-06 +7.845E-06 +1.039E-05 +1.381E-05 +1.837E-05 +2.452E-05 +3.281E-05 +4.405E-05 +5.935E-05 +8.030E-05 +1.090E-04 +1.489E-04 +2.040E-04 +2.806E-04 +3.855E-04 +5.235E-04 +6.845E-04 +7.900E-04 +8.270E-04 
-0.00075000 -9.165E-04 -8.310E-04 -6.880E-04 -5.175E-04 -3.808E-04 -2.782E-04 -2.032E-04 -1.487E-04 -1.092E-04 -8.060E-05 -5.965E-05 -4.435E-05 -3.307E-05 -2.473E-05 -1.855E-05 -1.394E-05 -1.051E-05 -7.935E-06 -6.000E-06 -4.547E-06 -3.450E-06 -2.621E-06 -1.993E-06 -1.517E-06 -1.154E-06 -8.785E-07 -6.680E-07 -5.060E-07 -3.809E-07 -2.830E-07 -2.048E-07 -1.401E-07 -8.345E-08 -1.824E-08 +7.160E-09 +8.280E-08 +1.722E-07 +3.005E-07 +4.857E-07 +4.991E-07 +0.000E+00 -4.991E-07 -4.857E-07 -3.005E-07 -1.722E-07 -8.280E-08 -7.160E-09 +1.824E-08 +8.345E-08 +1.401E-07 +2.048E-07 +2.830E-07 +3.809E-07 +5.060E-07 +6.680E-07 +8.785E-07 +1.154E-06 +1.517E-06 +1.993E-06 +2.621E-06 +3.450E-06 +4.547E-06 +6.000E-06 +7.935E-06 +1.051E-05 +1.394E-05 +1.855E-05 +2.473E-05 +3.307E-05 +4.435E-05 +5.965E-05 +8.060E-05 +1.092E-04 +1.487E-04 +2.032E-04 +2.782E-04 +3.808E-04 +5.175E-04 +6.880E-04 +8.310E-04 +9.165E-04 
-0.00100000 -1.057E-03 -8.835E-04 -6.845E-04 -5.065E-04 -3.736E-04 -2.746E-04 -2.017E-04 -1.484E-04 -1.095E-04 -8.100E-05 -6.010E-05 -4.477E-05 -3.343E-05 -2.504E-05 -1.879E-05 -1.414E-05 -1.067E-05 -8.060E-06 -6.100E-06 -4.623E-06 -3.509E-06 -2.666E-06 -2.029E-06 -1.544E-06 -1.176E-06 -8.950E-07 -6.805E-07 -5.160E-07 -3.885E-07 -2.888E-07 -2.093E-07 -1.436E-07 -8.640E-08 -2.246E-08 +6.190E-09 +7.825E-08 +1.675E-07 +3.035E-07 +5.505E-07 +7.150E-07 +0.000E+00 -7.150E-07 -5.505E-07 -3.035E-07 -1.675E-07 -7.825E-08 -6.190E-09 +2.246E-08 +8.640E-08 +1.436E-07 +2.093E-07 +2.888E-07 +3.885E-07 +5.160E-07 +6.805E-07 +8.950E-07 +1.176E-06 +1.544E-06 +2.029E-06 +2.666E-06 +3.509E-06 +4.623E-06 +6.100E-06 +8.060E-06 +1.067E-05 +1.414E-05 +1.879E-05 +2.504E-05 +3.343E-05 +4.477E-05 +6.010E-05 +8.100E-05 +1.095E-04 +1.484E-04 +2.017E-04 +2.746E-04 +3.736E-04 +5.065E-04 +6.845E-04 +8.835E-04 +1.057E-03 
-0.00125000 -1.264E-03 -9.365E-04 -6.655E-04 -4.884E-04 -3.635E-04 -2.699E-04 -1.999E-04 -1.480E-04 -1.097E-04 -8.150E-05 -6.065E-05 -4.528E-05 -3.388E-05 -2.542E-05 -1.911E-05 -1.440E-05 -1.087E-05 -8.215E-06 -6.220E-06 -4.720E-06 -3.584E-06 -2.725E-06 -2.074E-06 -1.580E-06 -1.203E-06 -9.160E-07 -6.970E-07 -5.285E-07 -3.981E-07 -2.963E-07 -2.151E-07 -1.482E-07 -9.025E-08 -2.774E-08 +4.882E-09 +7.190E-08 +1.596E-07 +2.989E-07 +6.090E-07 +1.081E-06 +0.000E+00 -1.081E-06 -6.090E-07 -2.989E-07 -1.596E-07 -7.190E-08 -4.882E-09 +2.774E-08 +9.025E-08 +1.482E-07 +2.151E-07 +2.963E-07 +3.981E-07 +5.285E-07 +6.970E-07 +9.160E-07 +1.203E-06 +1.580E-06 +2.074E-06 +2.725E-06 +3.584E-06 +4.720E-06 +6.220E-06 +8.215E-06 +1.087E-05 +1.440E-05 +1.911E-05 +2.542E-05 +3.388E-05 +4.528E-05 +6.065E-05 +8.150E-05 +1.097E-04 +1.480E-04 +1.999E-04 +2.699E-04 +3.635E-04 +4.884E-04 +6.655E-04 +9.365E-04 +1.264E-03 
-0.00150000 -1.539E-03 -9.620E-04 -6.180E-04 -4.616E-04 -3.502E-04 -2.638E-04 -1.976E-04 -1.475E-04 -1.100E-04 -8.205E-05 -6.130E-05 -4.591E-05 -3.443E-05 -2.587E-05 -1.949E-05 -1.470E-05 -1.111E-05 -8.405E-06 -6.375E-06 -4.837E-06 -3.676E-06 -2.796E-06 -2.130E-06 -1.622E-06 -1.236E-06 -9.420E-07 -7.165E-07 -5.435E-07 -4.099E-07 -3.054E-07 -2.221E-07 -1.539E-07 -9.500E-08 -3.403E-08 +3.199E-09 +6.365E-08 +1.477E-07 +2.816E-07 +6.265E-07 +1.676E-06 +0.000E+00 -1.676E-06 -6.265E-07 -2.816E-07 -1.477E-07 -6.365E-08 -3.199E-09 +3.403E-08 +9.500E-08 +1.539E-07 +2.221E-07 +3.054E-07 +4.099E-07 +5.435E-07 +7.165E-07 +9.420E-07 +1.236E-06 +1.622E-06 +2.130E-06 +2.796E-06 +3.676E-06 +4.837E-06 +6.375E-06 +8.405E-06 +1.111E-05 +1.470E-05 +1.949E-05 +2.587E-05 +3.443E-05 +4.591E-05 +6.130E-05 +8.205E-05 +1.100E-04 +1.475E-04 +1.976E-04 +2.638E-04 +3.502E-04 +4.616E-04 +6.180E-04 +9.620E-04 +1.539E-03 
-0.00175000 -1.783E-03 -8.950E-04 -5.285E-04 -4.256E-04 -3.337E-04 -2.564E-04 -1.946E-04 -1.466E-04 -1.101E-04 -8.265E-05 -6.205E-05 -4.660E-05 -3.506E-05 -2.640E-05 -1.992E-05 -1.505E-05 -1.139E-05 -8.630E-06 -6.550E-06 -4.975E-06 -3.783E-06 -2.881E-06 -2.194E-06 -1.673E-06 -1.275E-06 -9.725E-07 -7.400E-07 -5.620E-07 -4.239E-07 -3.162E-07 -2.306E-07 -1.606E-07 -1.007E-07 -4.128E-08 +1.128E-09 +5.325E-08 +1.312E-07 +2.485E-07 +5.565E-07 +2.629E-06 +0.000E+00 -2.629E-06 -5.565E-07 -2.485E-07 -1.312E-07 -5.325E-08 -1.128E-09 +4.128E-08 +1.007E-07 +1.606E-07 +2.306E-07 +3.162E-07 +4.239E-07 +5.620E-07 +7.400E-07 +9.725E-07 +1.275E-06 +1.673E-06 +2.194E-06 +2.881E-06 +3.783E-06 +4.975E-06 +6.550E-06 +8.630E-06 +1.139E-05 +1.505E-05 +1.992E-05 +2.640E-05 +3.506E-05 +4.660E-05 +6.205E-05 +8.265E-05 +1.101E-04 +1.466E-04 +1.946E-04 +2.564E-04 +3.337E-04 +4.256E-04 +5.285E-04 +8.950E-04 +1.783E-03 
-0.00200000 -9.820E-04 -5.430E-04 -3.967E-04 -3.826E-04 -3.145E-04 -2.480E-04 -1.913E-04 -1.458E-04 -1.105E-04 -8.345E-05 -6.295E-05 -4.745E-05 -3.581E-05 -2.704E-05 -2.045E-05 -1.548E-05 -1.173E-05 -8.900E-06 -6.760E-06 -5.140E-06 -3.913E-06 -2.981E-06 -2.273E-06 -1.734E-06 -1.323E-06 -1.009E-06 -7.685E-07 -5.835E-07 -4.408E-07 -3.292E-07 -2.407E-07 -1.687E-07 -1.075E-07 -4.954E-08 -1.328E-09 +4.073E-08 +1.107E-07 +2.007E-07 +3.827E-07 +6.460E-06 +0.000E+00 -6.460E-06 -3.827E-07 -2.007E-07 -1.107E-07 -4.073E-08 +1.328E-09 +4.954E-08 +1.075E-07 +1.687E-07 +2.407E-07 +3.292E-07 +4.408E-07 +5.835E-07 +7.685E-07 +1.009E-06 +1.323E-06 +1.734E-06 +2.273E-06 +2.981E-06 +3.913E-06 +5.140E-06 +6.760E-06 +8.900E-06 +1.173E-05 +1.548E-05 +2.045E-05 +2.704E-05 +3.581E-05 +4.745E-05 +6.295E-05 +8.345E-05 +1.105E-04 +1.458E-04 +1.913E-04 +2.480E-04 +3.145E-04 +3.826E-04 +3.967E-04 +5.430E-04 +9.820E-04 
# Vertical KickTable in T2m2
START
            -0.03000000 -0.02925000 -0.02850000 -0.02775000 -0.02700000 -0.02625000 -0.02550000 -0.02475000 -0.02400000 -0.02325000 -0.02250000 -0.02175000 -0.02100000 -0.02025000 -0.01950000 -0.01875000 -0.01800000 -0.01725000 -0.01650000 -0.01575000 -0.01500000 -0.01425000 -0.01350000 -0.01275000 -0.01200000 -0.01125000 -0.01050000 -0.00975000 -0.00900000 -0.00825000 -0.00750000 -0.00675000 -0.00600000 -0.00525000 -0.00450000 -0.00375000 -0.00300000 -0.00225000 -0.00150000 -0.00075000 +0.00000000 +0.00075000 +0.00150000 +0.00225000 +0.00300000 +0.00375000 +0.00450000 +0.00525000 +0.00600000 +0.00675000 +0.00750000 +0.00825000 +0.00900000 +0.00975000 +0.01050000 +0.01125000 +0.01200000 +0.01275000 +0.01350000 +0.01425000 +0.01500000 +0.01575000 +0.01650000 +0.01725000 +0.01800000 +0.01875000 +0.01950000 +0.02025000 +0.02100000 +0.02175000 +0.02250000 +0.02325000 +0.02400000 +0.02475000 +0.02550000 +0.02625000 +0.02700000 +0.02775000 +0.02850000 +0.02925000 +0.03000000 
+0.00200000 -6.270E-03 -3.400E-03 -2.630E-03 -2.401E-03 -2.308E-03 -2.266E-03 -2.250E-03 -2.243E-03 -2.243E-03 -2.245E-03 -2.248E-03 -2.250E-03 -2.253E-03 -2.256E-03 -2.257E-03 -2.259E-03 -2.260E-03 -2.261E-03 -2.262E-03 -2.263E-03 -2.263E-03 -2.263E-03 -2.263E-03 -2.264E-03 -2.264E-03 -2.264E-03 -2.264E-03 -2.265E-03 -2.265E-03 -2.265E-03 -2.265E-03 -2.265E-03 -2.265E-03 -2.265E-03 -2.265E-03 -2.265E-03 -2.265E-03 -2.265E-03 -2.265E-03 -2.266E-03 -2.202E-03 -2.266E-03 -2.265E-03 -2.265E-03 -2.265E-03 -2.265E-03 -2.265E-03 -2.265E-03 -2.265E-03 -2.265E-03 -2.265E-03 -2.265E-03 -2.265E-03 -2.265E-03 -2.264E-03 -2.264E-03 -2.264E-03 -2.264E-03 -2.263E-03 -2.263E-03 -2.263E-03 -2.263E-03 -2.262E-03 -2.261E-03 -2.260E-03 -2.259E-03 -2.257E-03 -2.256E-03 -2.253E-03 -2.250E-03 -2.248E-03 -2.245E-03 -2.243E-03 -2.243E-03 -2.250E-03 -2.266E-03 -2.308E-03 -2.401E-03 -2.630E-03 -3.400E-03 -6.270E-03 
+0.00175000 -2.916E-03 -2.648E-03 -2.148E-03 -1.963E-03 -1.881E-03 -1.845E-03 -1.829E-03 -1.824E-03 -1.823E-03 -1.824E-03 -1.827E-03 -1.829E-03 -1.832E-03 -1.834E-03 -1.835E-03 -1.836E-03 -1.837E-03 -1.838E-03 -1.839E-03 -1.839E-03 -1.839E-03 -1.840E-03 -1.840E-03 -1.840E-03 -1.840E-03 -1.840E-03 -1.841E-03 -1.841E-03 -1.841E-03 -1.841E-03 -1.841E-03 -1.841E-03 -1.841E-03 -1.841E-03 -1.841E-03 -1.841E-03 -1.841E-03 -1.841E-03 -1.842E-03 -1.842E-03 -1.818E-03 -1.842E-03 -1.842E-03 -1.841E-03 -1.841E-03 -1.841E-03 -1.841E-03 -1.841E-03 -1.841E-03 -1.841E-03 -1.841E-03 -1.841E-03 -1.841E-03 -1.841E-03 -1.841E-03 -1.840E-03 -1.840E-03 -1.840E-03 -1.840E-03 -1.840E-03 -1.839E-03 -1.839E-03 -1.839E-03 -1.838E-03 -1.837E-03 -1.836E-03 -1.835E-03 -1.834E-03 -1.832E-03 -1.829E-03 -1.827E-03 -1.824E-03 -1.823E-03 -1.824E-03 -1.829E-03 -1.845E-03 -1.881E-03 -1.963E-03 -2.148E-03 -2.648E-03 -2.916E-03 
+0.00150000 -1.402E-03 -1.938E-03 -1.698E-03 -1.564E-03 -1.498E-03 -1.467E-03 -1.453E-03 -1.449E-03 -1.448E-03 -1.450E-03 -1.452E-03 -1.453E-03 -1.455E-03 -1.457E-03 -1.458E-03 -1.460E-03 -1.460E-03 -1.461E-03 -1.462E-03 -1.462E-03 -1.463E-03 -1.463E-03 -1.463E-03 -1.463E-03 -1.463E-03 -1.463E-03 -1.463E-03 -1.463E-03 -1.463E-03 -1.463E-03 -1.463E-03 -1.463E-03 -1.463E-03 -1.463E-03 -1.463E-03 -1.463E-03 -1.464E-03 -1.464E-03 -1.464E-03 -1.463E-03 -1.459E-03 -1.463E-03 -1.464E-03 -1.464E-03 -1.464E-03 -1.463E-03 -1.463E-03 -1.463E-03 -1.463E-03 -1.463E-03 -1.463E-03 -1.463E-03 -1.463E-03 -1.463E-03 -1.463E-03 -1.463E-03 -1.463E-03 -1.463E-03 -1.463E-03 -1.463E-03 -1.463E-03 -1.462E-03 -1.462E-03 -1.461E-03 -1.460E-03 -1.460E-03 -1.458E-03 -1.457E-03 -1.455E-03 -1.453E-03 -1.452E-03 -1.450E-03 -1.448E-03 -1.449E-03 -1.453E-03 -1.467E-03 -1.498E-03 -1.564E-03 -1.698E-03 -1.938E-03 -1.402E-03 
+0.00125000 -8.920E-04 -1.381E-03 -1.321E-03 -1.237E-03 -1.188E-03 -1.164E-03 -1.153E-03 -1.149E-03 -1.149E-03 -1.150E-03 -1.152E-03 -1.154E-03 -1.156E-03 -1.156E-03 -1.158E-03 -1.159E-03 -1.159E-03 -1.160E-03 -1.161E-03 -1.161E-03 -1.161E-03 -1.161E-03 -1.161E-03 -1.161E-03 -1.162E-03 -1.162E-03 -1.162E-03 -1.162E-03 -1.162E-03 -1.162E-03 -1.162E-03 -1.162E-03 -1.162E-03 -1.162E-03 -1.162E-03 -1.162E-03 -1.162E-03 -1.162E-03 -1.162E-03 -1.161E-03 -1.159E-03 -1.161E-03 -1.162E-03 -1.162E-03 -1.162E-03 -1.162E-03 -1.162E-03 -1.162E-03 -1.162E-03 -1.162E-03 -1.162E-03 -1.162E-03 -1.162E-03 -1.162E-03 -1.162E-03 -1.162E-03 -1.162E-03 -1.161E-03 -1.161E-03 -1.161E-03 -1.161E-03 -1.161E-03 -1.161E-03 -1.160E-03 -1.159E-03 -1.159E-03 -1.158E-03 -1.156E-03 -1.156E-03 -1.154E-03 -1.152E-03 -1.150E-03 -1.149E-03 -1.149E-03 -1.153E-03 -1.164E-03 -1.188E-03 -1.237E-03 -1.321E-03 -1.381E-03 -8.920E-04 
+0.00100000 -5.955E-04 -9.625E-04 -9.895E-04 -9.440E-04 -9.095E-04 -8.910E-04 -8.830E-04 -8.800E-04 -8.800E-04 -8.810E-04 -8.825E-04 -8.840E-04 -8.855E-04 -8.865E-04 -8.875E-04 -8.880E-04 -8.890E-04 -8.895E-04 -8.895E-04 -8.900E-04 -8.900E-04 -8.905E-04 -8.905E-04 -8.905E-04 -8.905E-04 -8.910E-04 -8.910E-04 -8.910E-04 -8.910E-04 -8.910E-04 -8.910E-04 -8.910E-04 -8.910E-04 -8.910E-04 -8.910E-04 -8.910E-04 -8.910E-04 -8.910E-04 -8.910E-04 -8.905E-04 -8.895E-04 -8.905E-04 -8.910E-04 -8.910E-04 -8.910E-04 -8.910E-04 -8.910E-04 -8.910E-04 -8.910E-04 -8.910E-04 -8.910E-04 -8.910E-04 -8.910E-04 -8.910E-04 -8.910E-04 -8.910E-04 -8.905E-04 -8.905E-04 -8.905E-04 -8.905E-04 -8.900E-04 -8.900E-04 -8.895E-04 -8.895E-04 -8.890E-04 -8.880E-04 -8.875E-04 -8.865E-04 -8.855E-04 -8.840E-04 -8.825E-04 -8.810E-04 -8.800E-04 -8.800E-04 -8.830E-04 -8.910E-04 -9.095E-04 -9.440E-04 -9.895E-04 -9.625E-04 -5.955E-04 
+0.00075000 -3.935E-04 -6.460E-04 -6.990E-04 -6.785E-04 -6.560E-04 -6.435E-04 -6.375E-04 -6.355E-04 -6.355E-04 -6.365E-04 -6.375E-04 -6.390E-04 -6.400E-04 -6.405E-04 -6.415E-04 -6.420E-04 -6.425E-04 -6.430E-04 -6.430E-04 -6.435E-04 -6.435E-04 -6.435E-04 -6.435E-04 -6.440E-04 -6.440E-04 -6.440E-04 -6.440E-04 -6.440E-04 -6.440E-04 -6.440E-04 -6.440E-04 -6.440E-04 -6.440E-04 -6.440E-04 -6.440E-04 -6.440E-04 -6.440E-04 -6.440E-04 -6.440E-04 -6.435E-04 -6.430E-04 -6.435E-04 -6.440E-04 -6.440E-04 -6.440E-04 -6.440E-04 -6.440E-04 -6.440E-04 -6.440E-04 -6.440E-04 -6.440E-04 -6.440E-04 -6.440E-04 -6.440E-04 -6.440E-04 -6.440E-04 -6.440E-04 -6.440E-04 -6.435E-04 -6.435E-04 -6.435E-04 -6.435E-04 -6.430E-04 -6.430E-04 -6.425E-04 -6.420E-04 -6.415E-04 -6.405E-04 -6.400E-04 -6.390E-04 -6.375E-04 -6.365E-04 -6.355E-04 -6.355E-04 -6.375E-04 -6.435E-04 -6.560E-04 -6.785E-04 -6.990E-04 -6.460E-04 -3.935E-04 
+0.00050000 -2.390E-04 -3.940E-04 -4.411E-04 -4.340E-04 -4.211E-04 -4.130E-04 -4.094E-04 -4.082E-04 -4.083E-04 -4.089E-04 -4.097E-04 -4.104E-04 -4.110E-04 -4.117E-04 -4.121E-04 -4.125E-04 -4.127E-04 -4.130E-04 -4.132E-04 -4.133E-04 -4.134E-04 -4.135E-04 -4.136E-04 -4.136E-04 -4.137E-04 -4.138E-04 -4.138E-04 -4.138E-04 -4.138E-04 -4.138E-04 -4.138E-04 -4.138E-04 -4.138E-04 -4.138E-04 -4.138E-04 -4.139E-04 -4.139E-04 -4.139E-04 -4.138E-04 -4.135E-04 -4.133E-04 -4.135E-04 -4.138E-04 -4.139E-04 -4.139E-04 -4.139E-04 -4.138E-04 -4.138E-04 -4.138E-04 -4.138E-04 -4.138E-04 -4.138E-04 -4.138E-04 -4.138E-04 -4.138E-04 -4.138E-04 -4.137E-04 -4.136E-04 -4.136E-04 -4.135E-04 -4.134E-04 -4.133E-04 -4.132E-04 -4.130E-04 -4.127E-04 -4.125E-04 -4.121E-04 -4.117E-04 -4.110E-04 -4.104E-04 -4.097E-04 -4.089E-04 -4.083E-04 -4.082E-04 -4.094E-04 -4.130E-04 -4.211E-04 -4.340E-04 -4.411E-04 -3.940E-04 -2.390E-04 
+0.00025000 -9.980E-05 -1.647E-04 -1.879E-04 -1.864E-04 -1.812E-04 -1.779E-04 -1.763E-04 -1.758E-04 -1.758E-04 -1.761E-04 -1.765E-04 -1.768E-04 -1.771E-04 -1.774E-04 -1.776E-04 -1.777E-04 -1.779E-04 -1.779E-04 -1.780E-04 -1.780E-04 -1.781E-04 -1.781E-04 -1.782E-04 -1.782E-04 -1.782E-04 -1.782E-04 -1.782E-04 -1.782E-04 -1.782E-04 -1.783E-04 -1.783E-04 -1.783E-04 -1.783E-04 -1.783E-04 -1.783E-04 -1.783E-04 -1.783E-04 -1.783E-04 -1.782E-04 -1.781E-04 -1.781E-04 -1.781E-04 -1.782E-04 -1.783E-04 -1.783E-04 -1.783E-04 -1.783E-04 -1.783E-04 -1.783E-04 -1.783E-04 -1.783E-04 -1.783E-04 -1.782E-04 -1.782E-04 -1.782E-04 -1.782E-04 -1.782E-04 -1.782E-04 -1.782E-04 -1.781E-04 -1.781E-04 -1.780E-04 -1.780E-04 -1.779E-04 -1.779E-04 -1.777E-04 -1.776E-04 -1.774E-04 -1.771E-04 -1.768E-04 -1.765E-04 -1.761E-04 -1.758E-04 -1.758E-04 -1.763E-04 -1.779E-04 -1.812E-04 -1.864E-04 -1.879E-04 -1.647E-04 -9.980E-05 
+0.00000000 +0.000E+00 +0.000E+00 +0.000E+00 +0.000E+00 +0.000E+00 +0.000E+00 +0.000E+00 +0.000E+00 +0.000E+00 +0.000E+00 +0.000E+00 +0.000E+00 +0.000E+00 +0.000E+00 +0.000E+00 +0.000E+00 +0.000E+00 +0.000E+00 +0.000E+00 +0.000E+00 +0.000E+00 +0.000E+00 +0.000E+00 +0.000E+00 +0.000E+00 +0.000E+00 +0.000E+00 +0.000E+00 +0.000E+00 +0.000E+00 +0.000E+00 +0.000E+00 +0.000E+00 +0.000E+00 +0.000E+00 +0.000E+00 +0.000E+00 +0.000E+00 +0.000E+00 +0.000E+00 +0.000E+00 +0.000E+00 +0.000E+00 +0.000E+00 +0.000E+00 +0.000E+00 +0.000E+00 +0.000E+00 +0.000E+00 +0.000E+00 +0.000E+00 +0.000E+00 +0.000E+00 +0.000E+00 +0.000E+00 +0.000E+00 +0.000E+00 +0.000E+00 +0.000E+00 +0.000E+00 +0.000E+00 +0.000E+00 +0.000E+00 +0.000E+00 +0.000E+00 +0.000E+00 +0.000E+00 +0.000E+00 +0.000E+00 +0.000E+00 +0.000E+00 +0.000E+00 +0.000E+00 +0.000E+00 +0.000E+00 +0.000E+00 +0.000E+00 +0.000E+00 +0.000E+00 +0.000E+00 +0.000E+00 
-0.00025000 +9.980E-05 +1.647E-04 +1.879E-04 +1.864E-04 +1.812E-04 +1.779E-04 +1.763E-04 +1.758E-04 +1.758E-04 +1.761E-04 +1.765E-04 +1.768E-04 +1.771E-04 +1.774E-04 +1.776E-04 +1.777E-04 +1.779E-04 +1.779E-04 +1.780E-04 +1.780E-04 +1.781E-04 +1.781E-04 +1.782E-04 +1.782E-04 +1.782E-04 +1.782E-04 +1.782E-04 +1.782E-04 +1.782E-04 +1.783E-04 +1.783E-04 +1.783E-04 +1.783E-04 +1.783E-04 +1.783E-04 +1.783E-04 +1.783E-04 +1.783E-04 +1.782E-04 +1.781E-04 +1.781E-04 +1.781E-04 +1.782E-04 +1.783E-04 +1.783E-04 +1.783E-04 +1.783E-04 +1.783E-04 +1.783E-04 +1.783E-04 +1.783E-04 +1.783E-04 +1.782E-04 +1.782E-04 +1.782E-04 +1.782E-04 +1.782E-04 +1.782E-04 +1.782E-04 +1.781E-04 +1.781E-04 +1.780E-04 +1.780E-04 +1.779E-04 +1.779E-04 +1.777E-04 +1.776E-04 +1.774E-04 +1.771E-04 +1.768E-04 +1.765E-04 +1.761E-04 +1.758E-04 +1.758E-04 +1.763E-04 +1.779E-04 +1.812E-04 +1.864E-04 +1.879E-04 +1.647E-04 +9.980E-05 
-0.00050000 +2.390E-04 +3.940E-04 +4.411E-04 +4.340E-04 +4.211E-04 +4.130E-04 +4.094E-04 +4.082E-04 +4.083E-04 +4.089E-04 +4.097E-04 +4.104E-04 +4.110E-04 +4.117E-04 +4.121E-04 +4.125E-04 +4.127E-04 +4.130E-04 +4.132E-04 +4.133E-04 +4.134E-04 +4.135E-04 +4.136E-04 +4.136E-04 +4.137E-04 +4.138E-04 +4.138E-04 +4.138E-04 +4.138E-04 +4.138E-04 +4.138E-04 +4.138E-04 +4.138E-04 +4.138E-04 +4.138E-04 +4.139E-04 +4.139E-04 +4.139E-04 +4.138E-04 +4.135E-04 +4.133E-04 +4.135E-04 +4.138E-04 +4.139E-04 +4.139E-04 +4.139E-04 +4.138E-04 +4.138E-04 +4.138E-04 +4.138E-04 +4.138E-04 +4.138E-04 +4.138E-04 +4.138E-04 +4.138E-04 +4.138E-04 +4.137E-04 +4.136E-04 +4.136E-04 +4.135E-04 +4.134E-04 +4.133E-04 +4.132E-04 +4.130E-04 +4.127E-04 +4.125E-04 +4.121E-04 +4.117E-04 +4.110E-04 +4.104E-04 +4.097E-04 +4.089E-04 +4.083E-04 +4.082E-04 +4.094E-04 +4.130E-04 +4.211E-04 +4.340E-04 +4.411E-04 +3.940E-04 +2.390E-04 
-0.00075000 +3.935E-04 +6.460E-04 +6.990E-04 +6.785E-04 +6.560E-04 +6.435E-04 +6.375E-04 +6.355E-04 +6.355E-04 +6.365E-04 +6.375E-04 +6.390E-04 +6.400E-04 +6.405E-04 +6.415E-04 +6.420E-04 +6.425E-04 +6.430E-04 +6.430E-04 +6.435E-04 +6.435E-04 +6.435E-04 +6.435E-04 +6.440E-04 +6.440E-04 +6.440E-04 +6.440E-04 +6.440E-04 +6.440E-04 +6.440E-04 +6.440E-04 +6.440E-04 +6.440E-04 +6.440E-04 +6.440E-04 +6.440E-04 +6.440E-04 +6.440E-04 +6.440E-04 +6.435E-04 +6.430E-04 +6.435E-04 +6.440E-04 +6.440E-04 +6.440E-04 +6.440E-04 +6.440E-04 +6.440E-04 +6.440E-04 +6.440E-04 +6.440E-04 +6.440E-04 +6.440E-04 +6.440E-04 +6.440E-04 +6.440E-04 +6.440E-04 +6.440E-04 +6.435E-04 +6.435E-04 +6.435E-04 +6.435E-04 +6.430E-04 +6.430E-04 +6.425E-04 +6.420E-04 +6.415E-04 +6.405E-04 +6.400E-04 +6.390E-04 +6.375E-04 +6.365E-04 +6.355E-04 +6.355E-04 +6.375E-04 +6.435E-04 +6.560E-04 +6.785E-04 +6.990E-04 +6.460E-04 +3.935E-04 
-0.00100000 +5.955E-04 +9.625E-04 +9.895E-04 +9.440E-04 +9.095E-04 +8.910E-04 +8.830E-04 +8.800E-04 +8.800E-04 +8.810E-04 +8.825E-04 +8.840E-04 +8.855E-04 +8.865E-04 +8.875E-04 +8.880E-04 +8.890E-04 +8.895E-04 +8.895E-04 +8.900E-04 +8.900E-04 +8.905E-04 +8.905E-04 +8.905E-04 +8.905E-04 +8.910E-04 +8.910E-04 +8.910E-04 +8.910E-04 +8.910E-04 +8.910E-04 +8.910E-04 +8.910E-04 +8.910E-04 +8.910E-04 +8.910E-04 +8.910E-04 +8.910E-04 +8.910E-04 +8.905E-04 +8.895E-04 +8.905E-04 +8.910E-04 +8.910E-04 +8.910E-04 +8.910E-04 +8.910E-04 +8.910E-04 +8.910E-04 +8.910E-04 +8.910E-04 +8.910E-04 +8.910E-04 +8.910E-04 +8.910E-04 +8.910E-04 +8.905E-04 +8.905E-04 +8.905E-04 +8.905E-04 +8.900E-04 +8.900E-04 +8.895E-04 +8.895E-04 +8.890E-04 +8.880E-04 +8.875E-04 +8.865E-04 +8.855E-04 +8.840E-04 +8.825E-04 +8.810E-04 +8.800E-04 +8.800E-04 +8.830E-04 +8.910E-04 +9.095E-04 +9.440E-04 +9.895E-04 +9.625E-04 +5.955E-04 
-0.00125000 +8.920E-04 +1.381E-03 +1.321E-03 +1.237E-03 +1.188E-03 +1.164E-03 +1.153E-03 +1.149E-03 +1.149E-03 +1.150E-03 +1.152E-03 +1.154E-03 +1.156E-03 +1.156E-03 +1.158E-03 +1.159E-03 +1.159E-03 +1.160E-03 +1.161E-03 +1.161E-03 +1.161E-03 +1.161E-03 +1.161E-03 +1.161E-03 +1.162E-03 +1.162E-03 +1.162E-03 +1.162E-03 +1.162E-03 +1.162E-03 +1.162E-03 +1.162E-03 +1.162E-03 +1.162E-03 +1.162E-03 +1.162E-03 +1.162E-03 +1.162E-03 +1.162E-03 +1.161E-03 +1.159E-03 +1.161E-03 +1.162E-03 +1.162E-03 +1.162E-03 +1.162E-03 +1.162E-03 +1.162E-03 +1.162E-03 +1.162E-03 +1.162E-03 +1.162E-03 +1.162E-03 +1.162E-03 +1.162E-03 +1.162E-03 +1.162E-03 +1.161E-03 +1.161E-03 +1.161E-03 +1.161E-03 +1.161E-03 +1.161E-03 +1.160E-03 +1.159E-03 +1.159E-03 +1.158E-03 +1.156E-03 +1.156E-03 +1.154E-03 +1.152E-03 +1.150E-03 +1.149E-03 +1.149E-03 +1.153E-03 +1.164E-03 +1.188E-03 +1.237E-03 +1.321E-03 +1.381E-03 +8.920E-04 
-0.00150000 +1.402E-03 +1.938E-03 +1.698E-03 +1.564E-03 +1.498E-03 +1.467E-03 +1.453E-03 +1.449E-03 +1.448E-03 +1.450E-03 +1.452E-03 +1.453E-03 +1.455E-03 +1.457E-03 +1.458E-03 +1.460E-03 +1.460E-03 +1.461E-03 +1.462E-03 +1.462E-03 +1.463E-03 +1.463E-03 +1.463E-03 +1.463E-03 +1.463E-03 +1.463E-03 +1.463E-03 +1.463E-03 +1.463E-03 +1.463E-03 +1.463E-03 +1.463E-03 +1.463E-03 +1.463E-03 +1.463E-03 +1.463E-03 +1.464E-03 +1.464E-03 +1.464E-03 +1.463E-03 +1.459E-03 +1.463E-03 +1.464E-03 +1.464E-03 +1.464E-03 +1.463E-03 +1.463E-03 +1.463E-03 +1.463E-03 +1.463E-03 +1.463E-03 +1.463E-03 +1.463E-03 +1.463E-03 +1.463E-03 +1.463E-03 +1.463E-03 +1.463E-03 +1.463E-03 +1.463E-03 +1.463E-03 +1.462E-03 +1.462E-03 +1.461E-03 +1.460E-03 +1.460E-03 +1.458E-03 +1.457E-03 +1.455E-03 +1.453E-03 +1.452E-03 +1.450E-03 +1.448E-03 +1.449E-03 +1.453E-03 +1.467E-03 +1.498E-03 +1.564E-03 +1.698E-03 +1.938E-03 +1.402E-03 
-0.00175000 +2.916E-03 +2.648E-03 +2.148E-03 +1.963E-03 +1.881E-03 +1.845E-03 +1.829E-03 +1.824E-03 +1.823E-03 +1.824E-03 +1.827E-03 +1.829E-03 +1.832E-03 +1.834E-03 +1.835E-03 +1.836E-03 +1.837E-03 +1.838E-03 +1.839E-03 +1.839E-03 +1.839E-03 +1.840E-03 +1.840E-03 +1.840E-03 +1.840E-03 +1.840E-03 +1.841E-03 +1.841E-03 +1.841E-03 +1.841E-03 +1.841E-03 +1.841E-03 +1.841E-03 +1.841E-03 +1.841E-03 +1.841E-03 +1.841E-03 +1.841E-03 +1.842E-03 +1.842E-03 +1.818E-03 +1.842E-03 +1.842E-03 +1.841E-03 +1.841E-03 +1.841E-03 +1.841E-03 +1.841E-03 +1.841E-03 +1.841E-03 +1.841E-03 +1.841E-03 +1.841E-03 +1.841E-03 +1.841E-03 +1.840E-03 +1.840E-03 +1.840E-03 +1.840E-03 +1.840E-03 +1.839E-03 +1.839E-03 +1.839E-03 +1.838E-03 +1.837E-03 +1.836E-03 +1.835E-03 +1.834E-03 +1.832E-03 +1.829E-03 +1.827E-03 +1.824E-03 +1.823E-03 +1.824E-03 +1.829E-03 +1.845E-03 +1.881E-03 +1.963E-03 +2.148E-03 +2.648E-03 +2.916E-03 
-0.00200000 +6.270E-03 +3.400E-03 +2.630E-03 +2.401E-03 +2.308E-03 +2.266E-03 +2.250E-03 +2.243E-03 +2.243E-03 +2.245E-03 +2.248E-03 +2.250E-03 +2.253E-03 +2.256E-03 +2.257E-03 +2.259E-03 +2.260E-03 +2.261E-03 +2.262E-03 +2.263E-03 +2.263E-03 +2.263E-03 +2.263E-03 +2.264E-03 +2.264E-03 +2.264E-03 +2.264E-03 +2.265E-03 +2.265E-03 +2.265E-03 +2.265E-03 +2.265E-03 +2.265E-03 +2.265E-03 +2.265E-03 +2.265E-03 +2.265E-03 +2.265E-03 +2.265E-03 +2.266E-03 +2.202E-03 +2.266E-03 +2.265E-03 +2.265E-03 +2.265E-03 +2.265E-03 +2.265E-03 +2.265E-03 +2.265E-03 +2.265E-03 +2.265E-03 +2.265E-03 +2.265E-03 +2.265E-03 +2.264E-03 +2.264E-03 +2.264E-03 +2.264E-03 +2.263E-03 +2.263E-03 +2.263E-03 +2.263E-03 +2.262E-03 +2.261E-03 +2.260E-03 +2.259E-03 +2.257E-03 +2.256E-03 +2.253E-03 +2.250E-03 +2.248E-03 +2.245E-03 +2.243E-03 +2.243E-03 +2.250E-03 +2.266E-03 +2.308E-03 +2.401E-03 +2.630E-03 +3.400E-03 +6.270E-03 
