# inga_kicktable KICKMAP
# Author: lnls_at2tracy @ LNLS, Date: 21-Feb-2014 08:48:37
# ID Length [m]
2.0000000000E+00
# Number of Horizontal Points
81
# Number of Vertical Points
17
# Horizontal KickTable in T2m2
START
            -0.03000000 -0.02925000 -0.02850000 -0.02775000 -0.02700000 -0.02625000 -0.02550000 -0.02475000 -0.02400000 -0.02325000 -0.02250000 -0.02175000 -0.02100000 -0.02025000 -0.01950000 -0.01875000 -0.01800000 -0.01725000 -0.01650000 -0.01575000 -0.01500000 -0.01425000 -0.01350000 -0.01275000 -0.01200000 -0.01125000 -0.01050000 -0.00975000 -0.00900000 -0.00825000 -0.00750000 -0.00675000 -0.00600000 -0.00525000 -0.00450000 -0.00375000 -0.00300000 -0.00225000 -0.00150000 -0.00075000 +0.00000000 +0.00075000 +0.00150000 +0.00225000 +0.00300000 +0.00375000 +0.00450000 +0.00525000 +0.00600000 +0.00675000 +0.00750000 +0.00825000 +0.00900000 +0.00975000 +0.01050000 +0.01125000 +0.01200000 +0.01275000 +0.01350000 +0.01425000 +0.01500000 +0.01575000 +0.01650000 +0.01725000 +0.01800000 +0.01875000 +0.01950000 +0.02025000 +0.02100000 +0.02175000 +0.02250000 +0.02325000 +0.02400000 +0.02475000 +0.02550000 +0.02625000 +0.02700000 +0.02775000 +0.02850000 +0.02925000 +0.03000000 
+0.00390000 -5.528E-06 -3.463E-06 -5.865E-06 -1.489E-05 -1.479E-05 -1.355E-05 -1.190E-05 -1.020E-05 -8.610E-06 -7.195E-06 -5.970E-06 -4.925E-06 -4.050E-06 -3.320E-06 -2.715E-06 -2.217E-06 -1.809E-06 -1.475E-06 -1.202E-06 -9.798E-07 -7.980E-07 -6.500E-07 -5.295E-07 -4.313E-07 -3.512E-07 -2.860E-07 -2.327E-07 -1.891E-07 -1.535E-07 -1.242E-07 -1.002E-07 -8.023E-08 -6.357E-08 -4.945E-08 -3.723E-08 -2.623E-08 -1.534E-08 -1.255E-09 +8.537E-09 +4.817E-07 +0.000E+00 -4.817E-07 -8.537E-09 +1.255E-09 +1.534E-08 +2.623E-08 +3.723E-08 +4.945E-08 +6.357E-08 +8.023E-08 +1.002E-07 +1.242E-07 +1.535E-07 +1.891E-07 +2.327E-07 +2.860E-07 +3.512E-07 +4.313E-07 +5.295E-07 +6.500E-07 +7.980E-07 +9.798E-07 +1.202E-06 +1.475E-06 +1.809E-06 +2.217E-06 +2.715E-06 +3.320E-06 +4.050E-06 +4.925E-06 +5.970E-06 +7.195E-06 +8.610E-06 +1.020E-05 +1.190E-05 +1.355E-05 +1.479E-05 +1.489E-05 +5.865E-06 +3.463E-06 +5.528E-06 
+0.00341250 -9.810E-05 -4.813E-05 -2.657E-05 -2.099E-05 -1.773E-05 -1.501E-05 -1.263E-05 -1.055E-05 -8.745E-06 -7.213E-06 -5.923E-06 -4.847E-06 -3.957E-06 -3.225E-06 -2.625E-06 -2.135E-06 -1.735E-06 -1.410E-06 -1.146E-06 -9.312E-07 -7.570E-07 -6.152E-07 -5.002E-07 -4.067E-07 -3.308E-07 -2.688E-07 -2.184E-07 -1.773E-07 -1.437E-07 -1.162E-07 -9.352E-08 -7.473E-08 -5.900E-08 -4.560E-08 -3.383E-08 -2.288E-08 -9.733E-09 +1.048E-09 +2.893E-08 +1.209E-07 +0.000E+00 -1.209E-07 -2.893E-08 -1.048E-09 +9.733E-09 +2.288E-08 +3.383E-08 +4.560E-08 +5.900E-08 +7.473E-08 +9.352E-08 +1.162E-07 +1.437E-07 +1.773E-07 +2.184E-07 +2.688E-07 +3.308E-07 +4.067E-07 +5.002E-07 +6.152E-07 +7.570E-07 +9.312E-07 +1.146E-06 +1.410E-06 +1.735E-06 +2.135E-06 +2.625E-06 +3.225E-06 +3.957E-06 +4.847E-06 +5.923E-06 +7.213E-06 +8.745E-06 +1.055E-05 +1.263E-05 +1.501E-05 +1.773E-05 +2.099E-05 +2.657E-05 +4.813E-05 +9.810E-05 
+0.00292500 -6.615E-05 -4.723E-05 -3.255E-05 -2.438E-05 -1.951E-05 -1.596E-05 -1.312E-05 -1.078E-05 -8.825E-06 -7.208E-06 -5.870E-06 -4.773E-06 -3.872E-06 -3.142E-06 -2.545E-06 -2.063E-06 -1.672E-06 -1.355E-06 -1.098E-06 -8.902E-07 -7.222E-07 -5.860E-07 -4.755E-07 -3.860E-07 -3.135E-07 -2.545E-07 -2.065E-07 -1.675E-07 -1.356E-07 -1.095E-07 -8.798E-08 -7.015E-08 -5.522E-08 -4.248E-08 -3.117E-08 -2.056E-08 -7.208E-09 +1.468E-09 +2.470E-08 +4.817E-08 +0.000E+00 -4.817E-08 -2.470E-08 -1.468E-09 +7.208E-09 +2.056E-08 +3.117E-08 +4.248E-08 +5.522E-08 +7.015E-08 +8.798E-08 +1.095E-07 +1.356E-07 +1.675E-07 +2.065E-07 +2.545E-07 +3.135E-07 +3.860E-07 +4.755E-07 +5.860E-07 +7.222E-07 +8.902E-07 +1.098E-06 +1.355E-06 +1.672E-06 +2.063E-06 +2.545E-06 +3.142E-06 +3.872E-06 +4.773E-06 +5.870E-06 +7.208E-06 +8.825E-06 +1.078E-05 +1.312E-05 +1.596E-05 +1.951E-05 +2.438E-05 +3.255E-05 +4.723E-05 +6.615E-05 
+0.00243750 -4.583E-05 -3.935E-05 -3.180E-05 -2.510E-05 -2.017E-05 -1.638E-05 -1.335E-05 -1.087E-05 -8.837E-06 -7.167E-06 -5.802E-06 -4.693E-06 -3.793E-06 -3.062E-06 -2.474E-06 -1.999E-06 -1.615E-06 -1.305E-06 -1.056E-06 -8.543E-07 -6.917E-07 -5.603E-07 -4.543E-07 -3.682E-07 -2.985E-07 -2.421E-07 -1.963E-07 -1.590E-07 -1.286E-07 -1.037E-07 -8.327E-08 -6.630E-08 -5.207E-08 -3.992E-08 -2.915E-08 -1.908E-08 -7.337E-09 +7.548E-10 +1.432E-08 +1.959E-08 +0.000E+00 -1.959E-08 -1.432E-08 -7.548E-10 +7.337E-09 +1.908E-08 +2.915E-08 +3.992E-08 +5.207E-08 +6.630E-08 +8.327E-08 +1.037E-07 +1.286E-07 +1.590E-07 +1.963E-07 +2.421E-07 +2.985E-07 +3.682E-07 +4.543E-07 +5.603E-07 +6.917E-07 +8.543E-07 +1.056E-06 +1.305E-06 +1.615E-06 +1.999E-06 +2.474E-06 +3.062E-06 +3.793E-06 +4.693E-06 +5.802E-06 +7.167E-06 +8.837E-06 +1.087E-05 +1.335E-05 +1.638E-05 +2.017E-05 +2.510E-05 +3.180E-05 +3.935E-05 +4.583E-05 
+0.00195000 -3.417E-05 -3.240E-05 -2.902E-05 -2.433E-05 -2.006E-05 -1.642E-05 -1.339E-05 -1.087E-05 -8.800E-06 -7.108E-06 -5.730E-06 -4.615E-06 -3.718E-06 -2.992E-06 -2.411E-06 -1.942E-06 -1.566E-06 -1.263E-06 -1.020E-06 -8.240E-07 -6.662E-07 -5.390E-07 -4.363E-07 -3.533E-07 -2.863E-07 -2.320E-07 -1.879E-07 -1.521E-07 -1.229E-07 -9.903E-08 -7.940E-08 -6.318E-08 -4.955E-08 -3.790E-08 -2.767E-08 -1.826E-08 -8.513E-09 -2.143E-10 +6.285E-09 +8.253E-09 +0.000E+00 -8.253E-09 -6.285E-09 +2.143E-10 +8.513E-09 +1.826E-08 +2.767E-08 +3.790E-08 +4.955E-08 +6.318E-08 +7.940E-08 +9.903E-08 +1.229E-07 +1.521E-07 +1.879E-07 +2.320E-07 +2.863E-07 +3.533E-07 +4.363E-07 +5.390E-07 +6.662E-07 +8.240E-07 +1.020E-06 +1.263E-06 +1.566E-06 +1.942E-06 +2.411E-06 +2.992E-06 +3.718E-06 +4.615E-06 +5.730E-06 +7.108E-06 +8.800E-06 +1.087E-05 +1.339E-05 +1.642E-05 +2.006E-05 +2.433E-05 +2.902E-05 +3.240E-05 +3.417E-05 
+0.00146250 -2.733E-05 -2.743E-05 -2.620E-05 -2.310E-05 -1.959E-05 -1.625E-05 -1.331E-05 -1.082E-05 -8.742E-06 -7.043E-06 -5.663E-06 -4.548E-06 -3.653E-06 -2.935E-06 -2.358E-06 -1.896E-06 -1.526E-06 -1.230E-06 -9.913E-07 -7.997E-07 -6.460E-07 -5.220E-07 -4.222E-07 -3.417E-07 -2.765E-07 -2.239E-07 -1.813E-07 -1.466E-07 -1.184E-07 -9.535E-08 -7.640E-08 -6.072E-08 -4.758E-08 -3.640E-08 -2.662E-08 -1.785E-08 -9.693E-09 -9.710E-10 +8.575E-10 +3.415E-09 +0.000E+00 -3.415E-09 -8.575E-10 +9.710E-10 +9.693E-09 +1.785E-08 +2.662E-08 +3.640E-08 +4.758E-08 +6.072E-08 +7.640E-08 +9.535E-08 +1.184E-07 +1.466E-07 +1.813E-07 +2.239E-07 +2.765E-07 +3.417E-07 +4.222E-07 +5.220E-07 +6.460E-07 +7.997E-07 +9.913E-07 +1.230E-06 +1.526E-06 +1.896E-06 +2.358E-06 +2.935E-06 +3.653E-06 +4.548E-06 +5.663E-06 +7.043E-06 +8.742E-06 +1.082E-05 +1.331E-05 +1.625E-05 +1.959E-05 +2.310E-05 +2.620E-05 +2.743E-05 +2.733E-05 
+0.00097500 -2.331E-05 -2.420E-05 -2.404E-05 -2.197E-05 -1.907E-05 -1.602E-05 -1.320E-05 -1.074E-05 -8.683E-06 -6.985E-06 -5.608E-06 -4.495E-06 -3.605E-06 -2.890E-06 -2.319E-06 -1.863E-06 -1.497E-06 -1.205E-06 -9.703E-07 -7.823E-07 -6.312E-07 -5.097E-07 -4.120E-07 -3.332E-07 -2.695E-07 -2.181E-07 -1.765E-07 -1.427E-07 -1.152E-07 -9.273E-08 -7.425E-08 -5.898E-08 -4.620E-08 -3.535E-08 -2.595E-08 -1.766E-08 -1.028E-08 -3.850E-09 -1.376E-10 +9.465E-10 +0.000E+00 -9.465E-10 +1.376E-10 +3.850E-09 +1.028E-08 +1.766E-08 +2.595E-08 +3.535E-08 +4.620E-08 +5.898E-08 +7.425E-08 +9.273E-08 +1.152E-07 +1.427E-07 +1.765E-07 +2.181E-07 +2.695E-07 +3.332E-07 +4.120E-07 +5.097E-07 +6.312E-07 +7.823E-07 +9.703E-07 +1.205E-06 +1.497E-06 +1.863E-06 +2.319E-06 +2.890E-06 +3.605E-06 +4.495E-06 +5.608E-06 +6.985E-06 +8.683E-06 +1.074E-05 +1.320E-05 +1.602E-05 +1.907E-05 +2.197E-05 +2.404E-05 +2.420E-05 +2.331E-05 
+0.00048750 -2.119E-05 -2.241E-05 -2.274E-05 -2.122E-05 -1.869E-05 -1.584E-05 -1.311E-05 -1.069E-05 -8.637E-06 -6.947E-06 -5.570E-06 -4.463E-06 -3.575E-06 -2.863E-06 -2.295E-06 -1.842E-06 -1.479E-06 -1.190E-06 -9.575E-07 -7.715E-07 -6.223E-07 -5.022E-07 -4.057E-07 -3.280E-07 -2.653E-07 -2.147E-07 -1.736E-07 -1.403E-07 -1.132E-07 -9.112E-08 -7.298E-08 -5.795E-08 -4.538E-08 -3.473E-08 -2.555E-08 -1.758E-08 -1.067E-08 -5.055E-09 -1.216E-09 -3.055E-11 +0.000E+00 +3.055E-11 +1.216E-09 +5.055E-09 +1.067E-08 +1.758E-08 +2.555E-08 +3.473E-08 +4.538E-08 +5.795E-08 +7.298E-08 +9.112E-08 +1.132E-07 +1.403E-07 +1.736E-07 +2.147E-07 +2.653E-07 +3.280E-07 +4.057E-07 +5.022E-07 +6.223E-07 +7.715E-07 +9.575E-07 +1.190E-06 +1.479E-06 +1.842E-06 +2.295E-06 +2.863E-06 +3.575E-06 +4.463E-06 +5.570E-06 +6.947E-06 +8.637E-06 +1.069E-05 +1.311E-05 +1.584E-05 +1.869E-05 +2.122E-05 +2.274E-05 +2.241E-05 +2.119E-05 
+0.00000000 -2.053E-05 -2.183E-05 -2.231E-05 -2.096E-05 -1.855E-05 -1.578E-05 -1.308E-05 -1.067E-05 -8.622E-06 -6.933E-06 -5.560E-06 -4.453E-06 -3.565E-06 -2.855E-06 -2.288E-06 -1.835E-06 -1.473E-06 -1.184E-06 -9.533E-07 -7.680E-07 -6.192E-07 -4.997E-07 -4.037E-07 -3.262E-07 -2.640E-07 -2.135E-07 -1.727E-07 -1.396E-07 -1.126E-07 -9.060E-08 -7.255E-08 -5.760E-08 -4.510E-08 -3.452E-08 -2.542E-08 -1.756E-08 -1.080E-08 -5.385E-09 -1.742E-09 -1.989E-10 +0.000E+00 +1.989E-10 +1.742E-09 +5.385E-09 +1.080E-08 +1.756E-08 +2.542E-08 +3.452E-08 +4.510E-08 +5.760E-08 +7.255E-08 +9.060E-08 +1.126E-07 +1.396E-07 +1.727E-07 +2.135E-07 +2.640E-07 +3.262E-07 +4.037E-07 +4.997E-07 +6.192E-07 +7.680E-07 +9.533E-07 +1.184E-06 +1.473E-06 +1.835E-06 +2.288E-06 +2.855E-06 +3.565E-06 +4.453E-06 +5.560E-06 +6.933E-06 +8.622E-06 +1.067E-05 +1.308E-05 +1.578E-05 +1.855E-05 +2.096E-05 +2.231E-05 +2.183E-05 +2.053E-05 
-0.00048750 -2.119E-05 -2.241E-05 -2.274E-05 -2.122E-05 -1.869E-05 -1.584E-05 -1.311E-05 -1.069E-05 -8.637E-06 -6.947E-06 -5.570E-06 -4.463E-06 -3.575E-06 -2.863E-06 -2.295E-06 -1.842E-06 -1.479E-06 -1.190E-06 -9.575E-07 -7.715E-07 -6.223E-07 -5.022E-07 -4.057E-07 -3.280E-07 -2.653E-07 -2.147E-07 -1.736E-07 -1.403E-07 -1.132E-07 -9.112E-08 -7.298E-08 -5.795E-08 -4.538E-08 -3.473E-08 -2.555E-08 -1.758E-08 -1.067E-08 -5.055E-09 -1.216E-09 -3.055E-11 +0.000E+00 +3.055E-11 +1.216E-09 +5.055E-09 +1.067E-08 +1.758E-08 +2.555E-08 +3.473E-08 +4.538E-08 +5.795E-08 +7.298E-08 +9.112E-08 +1.132E-07 +1.403E-07 +1.736E-07 +2.147E-07 +2.653E-07 +3.280E-07 +4.057E-07 +5.022E-07 +6.223E-07 +7.715E-07 +9.575E-07 +1.190E-06 +1.479E-06 +1.842E-06 +2.295E-06 +2.863E-06 +3.575E-06 +4.463E-06 +5.570E-06 +6.947E-06 +8.637E-06 +1.069E-05 +1.311E-05 +1.584E-05 +1.869E-05 +2.122E-05 +2.274E-05 +2.241E-05 +2.119E-05 
-0.00097500 -2.331E-05 -2.420E-05 -2.404E-05 -2.197E-05 -1.907E-05 -1.602E-05 -1.320E-05 -1.074E-05 -8.683E-06 -6.985E-06 -5.608E-06 -4.495E-06 -3.605E-06 -2.890E-06 -2.319E-06 -1.863E-06 -1.497E-06 -1.205E-06 -9.703E-07 -7.823E-07 -6.312E-07 -5.097E-07 -4.120E-07 -3.332E-07 -2.695E-07 -2.181E-07 -1.765E-07 -1.427E-07 -1.152E-07 -9.273E-08 -7.425E-08 -5.898E-08 -4.620E-08 -3.535E-08 -2.595E-08 -1.766E-08 -1.028E-08 -3.850E-09 -1.376E-10 +9.465E-10 +0.000E+00 -9.465E-10 +1.376E-10 +3.850E-09 +1.028E-08 +1.766E-08 +2.595E-08 +3.535E-08 +4.620E-08 +5.898E-08 +7.425E-08 +9.273E-08 +1.152E-07 +1.427E-07 +1.765E-07 +2.181E-07 +2.695E-07 +3.332E-07 +4.120E-07 +5.097E-07 +6.312E-07 +7.823E-07 +9.703E-07 +1.205E-06 +1.497E-06 +1.863E-06 +2.319E-06 +2.890E-06 +3.605E-06 +4.495E-06 +5.608E-06 +6.985E-06 +8.683E-06 +1.074E-05 +1.320E-05 +1.602E-05 +1.907E-05 +2.197E-05 +2.404E-05 +2.420E-05 +2.331E-05 
-0.00146250 -2.733E-05 -2.743E-05 -2.620E-05 -2.310E-05 -1.959E-05 -1.625E-05 -1.331E-05 -1.082E-05 -8.742E-06 -7.043E-06 -5.663E-06 -4.548E-06 -3.653E-06 -2.935E-06 -2.358E-06 -1.896E-06 -1.526E-06 -1.230E-06 -9.913E-07 -7.997E-07 -6.460E-07 -5.220E-07 -4.222E-07 -3.417E-07 -2.765E-07 -2.239E-07 -1.813E-07 -1.466E-07 -1.184E-07 -9.535E-08 -7.640E-08 -6.072E-08 -4.758E-08 -3.640E-08 -2.662E-08 -1.785E-08 -9.693E-09 -9.710E-10 +8.575E-10 +3.415E-09 +0.000E+00 -3.415E-09 -8.575E-10 +9.710E-10 +9.693E-09 +1.785E-08 +2.662E-08 +3.640E-08 +4.758E-08 +6.072E-08 +7.640E-08 +9.535E-08 +1.184E-07 +1.466E-07 +1.813E-07 +2.239E-07 +2.765E-07 +3.417E-07 +4.222E-07 +5.220E-07 +6.460E-07 +7.997E-07 +9.913E-07 +1.230E-06 +1.526E-06 +1.896E-06 +2.358E-06 +2.935E-06 +3.653E-06 +4.548E-06 +5.663E-06 +7.043E-06 +8.742E-06 +1.082E-05 +1.331E-05 +1.625E-05 +1.959E-05 +2.310E-05 +2.620E-05 +2.743E-05 +2.733E-05 
-0.00195000 -3.417E-05 -3.240E-05 -2.902E-05 -2.433E-05 -2.006E-05 -1.642E-05 -1.339E-05 -1.087E-05 -8.800E-06 -7.108E-06 -5.730E-06 -4.615E-06 -3.718E-06 -2.992E-06 -2.411E-06 -1.942E-06 -1.566E-06 -1.263E-06 -1.020E-06 -8.240E-07 -6.662E-07 -5.390E-07 -4.363E-07 -3.533E-07 -2.863E-07 -2.320E-07 -1.879E-07 -1.521E-07 -1.229E-07 -9.903E-08 -7.940E-08 -6.318E-08 -4.955E-08 -3.790E-08 -2.767E-08 -1.826E-08 -8.513E-09 -2.143E-10 +6.285E-09 +8.253E-09 +0.000E+00 -8.253E-09 -6.285E-09 +2.143E-10 +8.513E-09 +1.826E-08 +2.767E-08 +3.790E-08 +4.955E-08 +6.318E-08 +7.940E-08 +9.903E-08 +1.229E-07 +1.521E-07 +1.879E-07 +2.320E-07 +2.863E-07 +3.533E-07 +4.363E-07 +5.390E-07 +6.662E-07 +8.240E-07 +1.020E-06 +1.263E-06 +1.566E-06 +1.942E-06 +2.411E-06 +2.992E-06 +3.718E-06 +4.615E-06 +5.730E-06 +7.108E-06 +8.800E-06 +1.087E-05 +1.339E-05 +1.642E-05 +2.006E-05 +2.433E-05 +2.902E-05 +3.240E-05 +3.417E-05 
-0.00243750 -4.583E-05 -3.935E-05 -3.180E-05 -2.510E-05 -2.017E-05 -1.638E-05 -1.335E-05 -1.087E-05 -8.837E-06 -7.167E-06 -5.802E-06 -4.693E-06 -3.793E-06 -3.062E-06 -2.474E-06 -1.999E-06 -1.615E-06 -1.305E-06 -1.056E-06 -8.543E-07 -6.917E-07 -5.603E-07 -4.543E-07 -3.682E-07 -2.985E-07 -2.421E-07 -1.963E-07 -1.590E-07 -1.286E-07 -1.037E-07 -8.327E-08 -6.630E-08 -5.207E-08 -3.992E-08 -2.915E-08 -1.908E-08 -7.337E-09 +7.548E-10 +1.432E-08 +1.959E-08 +0.000E+00 -1.959E-08 -1.432E-08 -7.548E-10 +7.337E-09 +1.908E-08 +2.915E-08 +3.992E-08 +5.207E-08 +6.630E-08 +8.327E-08 +1.037E-07 +1.286E-07 +1.590E-07 +1.963E-07 +2.421E-07 +2.985E-07 +3.682E-07 +4.543E-07 +5.603E-07 +6.917E-07 +8.543E-07 +1.056E-06 +1.305E-06 +1.615E-06 +1.999E-06 +2.474E-06 +3.062E-06 +3.793E-06 +4.693E-06 +5.802E-06 +7.167E-06 +8.837E-06 +1.087E-05 +1.335E-05 +1.638E-05 +2.017E-05 +2.510E-05 +3.180E-05 +3.935E-05 +4.583E-05 
-0.00292500 -6.615E-05 -4.723E-05 -3.255E-05 -2.438E-05 -1.951E-05 -1.596E-05 -1.312E-05 -1.078E-05 -8.825E-06 -7.208E-06 -5.870E-06 -4.773E-06 -3.872E-06 -3.142E-06 -2.545E-06 -2.063E-06 -1.672E-06 -1.355E-06 -1.098E-06 -8.902E-07 -7.222E-07 -5.860E-07 -4.755E-07 -3.860E-07 -3.135E-07 -2.545E-07 -2.065E-07 -1.675E-07 -1.356E-07 -1.095E-07 -8.798E-08 -7.015E-08 -5.522E-08 -4.248E-08 -3.117E-08 -2.056E-08 -7.208E-09 +1.468E-09 +2.470E-08 +4.817E-08 +0.000E+00 -4.817E-08 -2.470E-08 -1.468E-09 +7.208E-09 +2.056E-08 +3.117E-08 +4.248E-08 +5.522E-08 +7.015E-08 +8.798E-08 +1.095E-07 +1.356E-07 +1.675E-07 +2.065E-07 +2.545E-07 +3.135E-07 +3.860E-07 +4.755E-07 +5.860E-07 +7.222E-07 +8.902E-07 +1.098E-06 +1.355E-06 +1.672E-06 +2.063E-06 +2.545E-06 +3.142E-06 +3.872E-06 +4.773E-06 +5.870E-06 +7.208E-06 +8.825E-06 +1.078E-05 +1.312E-05 +1.596E-05 +1.951E-05 +2.438E-05 +3.255E-05 +4.723E-05 +6.615E-05 
-0.00341250 -9.810E-05 -4.813E-05 -2.657E-05 -2.099E-05 -1.773E-05 -1.501E-05 -1.263E-05 -1.055E-05 -8.745E-06 -7.213E-06 -5.923E-06 -4.847E-06 -3.957E-06 -3.225E-06 -2.625E-06 -2.135E-06 -1.735E-06 -1.410E-06 -1.146E-06 -9.312E-07 -7.570E-07 -6.152E-07 -5.002E-07 -4.067E-07 -3.308E-07 -2.688E-07 -2.184E-07 -1.773E-07 -1.437E-07 -1.162E-07 -9.352E-08 -7.473E-08 -5.900E-08 -4.560E-08 -3.383E-08 -2.288E-08 -9.733E-09 +1.048E-09 +2.893E-08 +1.209E-07 +0.000E+00 -1.209E-07 -2.893E-08 -1.048E-09 +9.733E-09 +2.288E-08 +3.383E-08 +4.560E-08 +5.900E-08 +7.473E-08 +9.352E-08 +1.162E-07 +1.437E-07 +1.773E-07 +2.184E-07 +2.688E-07 +3.308E-07 +4.067E-07 +5.002E-07 +6.152E-07 +7.570E-07 +9.312E-07 +1.146E-06 +1.410E-06 +1.735E-06 +2.135E-06 +2.625E-06 +3.225E-06 +3.957E-06 +4.847E-06 +5.923E-06 +7.213E-06 +8.745E-06 +1.055E-05 +1.263E-05 +1.501E-05 +1.773E-05 +2.099E-05 +2.657E-05 +4.813E-05 +9.810E-05 
-0.00390000 -5.528E-06 -3.463E-06 -5.865E-06 -1.489E-05 -1.479E-05 -1.355E-05 -1.190E-05 -1.020E-05 -8.610E-06 -7.195E-06 -5.970E-06 -4.925E-06 -4.050E-06 -3.320E-06 -2.715E-06 -2.217E-06 -1.809E-06 -1.475E-06 -1.202E-06 -9.798E-07 -7.980E-07 -6.500E-07 -5.295E-07 -4.313E-07 -3.512E-07 -2.860E-07 -2.327E-07 -1.891E-07 -1.535E-07 -1.242E-07 -1.002E-07 -8.023E-08 -6.357E-08 -4.945E-08 -3.723E-08 -2.623E-08 -1.534E-08 -1.255E-09 +8.537E-09 +4.817E-07 +0.000E+00 -4.817E-07 -8.537E-09 +1.255E-09 +1.534E-08 +2.623E-08 +3.723E-08 +4.945E-08 +6.357E-08 +8.023E-08 +1.002E-07 +1.242E-07 +1.535E-07 +1.891E-07 +2.327E-07 +2.860E-07 +3.512E-07 +4.313E-07 +5.295E-07 +6.500E-07 +7.980E-07 +9.798E-07 +1.202E-06 +1.475E-06 +1.809E-06 +2.217E-06 +2.715E-06 +3.320E-06 +4.050E-06 +4.925E-06 +5.970E-06 +7.195E-06 +8.610E-06 +1.020E-05 +1.190E-05 +1.355E-05 +1.479E-05 +1.489E-05 +5.865E-06 +3.463E-06 +5.528E-06 
# Vertical KickTable in T2m2
START
            -0.03000000 -0.02925000 -0.02850000 -0.02775000 -0.02700000 -0.02625000 -0.02550000 -0.02475000 -0.02400000 -0.02325000 -0.02250000 -0.02175000 -0.02100000 -0.02025000 -0.01950000 -0.01875000 -0.01800000 -0.01725000 -0.01650000 -0.01575000 -0.01500000 -0.01425000 -0.01350000 -0.01275000 -0.01200000 -0.01125000 -0.01050000 -0.00975000 -0.00900000 -0.00825000 -0.00750000 -0.00675000 -0.00600000 -0.00525000 -0.00450000 -0.00375000 -0.00300000 -0.00225000 -0.00150000 -0.00075000 +0.00000000 +0.00075000 +0.00150000 +0.00225000 +0.00300000 +0.00375000 +0.00450000 +0.00525000 +0.00600000 +0.00675000 +0.00750000 +0.00825000 +0.00900000 +0.00975000 +0.01050000 +0.01125000 +0.01200000 +0.01275000 +0.01350000 +0.01425000 +0.01500000 +0.01575000 +0.01650000 +0.01725000 +0.01800000 +0.01875000 +0.01950000 +0.02025000 +0.02100000 +0.02175000 +0.02250000 +0.02325000 +0.02400000 +0.02475000 +0.02550000 +0.02625000 +0.02700000 +0.02775000 +0.02850000 +0.02925000 +0.03000000 
+0.00390000 -4.305E-04 -2.513E-04 -1.901E-04 -1.715E-04 -1.637E-04 -1.600E-04 -1.582E-04 -1.573E-04 -1.568E-04 -1.567E-04 -1.568E-04 -1.568E-04 -1.570E-04 -1.571E-04 -1.573E-04 -1.574E-04 -1.576E-04 -1.577E-04 -1.577E-04 -1.579E-04 -1.579E-04 -1.580E-04 -1.580E-04 -1.581E-04 -1.581E-04 -1.581E-04 -1.582E-04 -1.582E-04 -1.582E-04 -1.582E-04 -1.582E-04 -1.582E-04 -1.582E-04 -1.582E-04 -1.583E-04 -1.583E-04 -1.583E-04 -1.583E-04 -1.583E-04 -1.584E-04 -1.553E-04 -1.584E-04 -1.583E-04 -1.583E-04 -1.583E-04 -1.583E-04 -1.583E-04 -1.582E-04 -1.582E-04 -1.582E-04 -1.582E-04 -1.582E-04 -1.582E-04 -1.582E-04 -1.582E-04 -1.581E-04 -1.581E-04 -1.581E-04 -1.580E-04 -1.580E-04 -1.579E-04 -1.579E-04 -1.577E-04 -1.577E-04 -1.576E-04 -1.574E-04 -1.573E-04 -1.571E-04 -1.570E-04 -1.568E-04 -1.568E-04 -1.567E-04 -1.568E-04 -1.573E-04 -1.582E-04 -1.600E-04 -1.637E-04 -1.715E-04 -1.901E-04 -2.513E-04 -4.305E-04 
+0.00341250 -1.665E-04 -1.644E-04 -1.412E-04 -1.307E-04 -1.257E-04 -1.232E-04 -1.219E-04 -1.212E-04 -1.209E-04 -1.208E-04 -1.209E-04 -1.210E-04 -1.211E-04 -1.213E-04 -1.214E-04 -1.215E-04 -1.216E-04 -1.217E-04 -1.218E-04 -1.219E-04 -1.220E-04 -1.220E-04 -1.220E-04 -1.221E-04 -1.221E-04 -1.221E-04 -1.222E-04 -1.222E-04 -1.222E-04 -1.222E-04 -1.222E-04 -1.223E-04 -1.223E-04 -1.223E-04 -1.223E-04 -1.223E-04 -1.223E-04 -1.223E-04 -1.223E-04 -1.223E-04 -1.213E-04 -1.223E-04 -1.223E-04 -1.223E-04 -1.223E-04 -1.223E-04 -1.223E-04 -1.223E-04 -1.223E-04 -1.223E-04 -1.222E-04 -1.222E-04 -1.222E-04 -1.222E-04 -1.222E-04 -1.221E-04 -1.221E-04 -1.221E-04 -1.220E-04 -1.220E-04 -1.220E-04 -1.219E-04 -1.218E-04 -1.217E-04 -1.216E-04 -1.215E-04 -1.214E-04 -1.213E-04 -1.211E-04 -1.210E-04 -1.209E-04 -1.208E-04 -1.209E-04 -1.212E-04 -1.219E-04 -1.232E-04 -1.257E-04 -1.307E-04 -1.412E-04 -1.644E-04 -1.665E-04 
+0.00292500 -6.892E-05 -9.815E-05 -9.835E-05 -9.522E-05 -9.300E-05 -9.165E-05 -9.090E-05 -9.053E-05 -9.040E-05 -9.038E-05 -9.045E-05 -9.057E-05 -9.070E-05 -9.082E-05 -9.095E-05 -9.105E-05 -9.115E-05 -9.122E-05 -9.130E-05 -9.137E-05 -9.142E-05 -9.148E-05 -9.153E-05 -9.155E-05 -9.158E-05 -9.160E-05 -9.162E-05 -9.162E-05 -9.165E-05 -9.165E-05 -9.168E-05 -9.168E-05 -9.168E-05 -9.168E-05 -9.168E-05 -9.170E-05 -9.170E-05 -9.170E-05 -9.168E-05 -9.165E-05 -9.160E-05 -9.165E-05 -9.168E-05 -9.170E-05 -9.170E-05 -9.170E-05 -9.168E-05 -9.168E-05 -9.168E-05 -9.168E-05 -9.168E-05 -9.165E-05 -9.165E-05 -9.162E-05 -9.162E-05 -9.160E-05 -9.158E-05 -9.155E-05 -9.153E-05 -9.148E-05 -9.142E-05 -9.137E-05 -9.130E-05 -9.122E-05 -9.115E-05 -9.105E-05 -9.095E-05 -9.082E-05 -9.070E-05 -9.057E-05 -9.045E-05 -9.038E-05 -9.040E-05 -9.053E-05 -9.090E-05 -9.165E-05 -9.300E-05 -9.522E-05 -9.835E-05 -9.815E-05 -6.892E-05 
+0.00243750 -4.200E-05 -6.050E-05 -6.742E-05 -6.875E-05 -6.865E-05 -6.833E-05 -6.808E-05 -6.795E-05 -6.795E-05 -6.800E-05 -6.810E-05 -6.820E-05 -6.833E-05 -6.845E-05 -6.857E-05 -6.868E-05 -6.875E-05 -6.882E-05 -6.890E-05 -6.895E-05 -6.900E-05 -6.902E-05 -6.907E-05 -6.910E-05 -6.912E-05 -6.912E-05 -6.915E-05 -6.918E-05 -6.918E-05 -6.918E-05 -6.920E-05 -6.920E-05 -6.920E-05 -6.920E-05 -6.920E-05 -6.923E-05 -6.923E-05 -6.920E-05 -6.920E-05 -6.918E-05 -6.915E-05 -6.918E-05 -6.920E-05 -6.920E-05 -6.923E-05 -6.923E-05 -6.920E-05 -6.920E-05 -6.920E-05 -6.920E-05 -6.920E-05 -6.918E-05 -6.918E-05 -6.918E-05 -6.915E-05 -6.912E-05 -6.912E-05 -6.910E-05 -6.907E-05 -6.902E-05 -6.900E-05 -6.895E-05 -6.890E-05 -6.882E-05 -6.875E-05 -6.868E-05 -6.857E-05 -6.845E-05 -6.833E-05 -6.820E-05 -6.810E-05 -6.800E-05 -6.795E-05 -6.795E-05 -6.808E-05 -6.833E-05 -6.865E-05 -6.875E-05 -6.742E-05 -6.050E-05 -4.200E-05 
+0.00195000 -2.700E-05 -3.855E-05 -4.535E-05 -4.820E-05 -4.918E-05 -4.945E-05 -4.953E-05 -4.957E-05 -4.965E-05 -4.975E-05 -4.985E-05 -4.995E-05 -5.007E-05 -5.017E-05 -5.028E-05 -5.035E-05 -5.043E-05 -5.048E-05 -5.055E-05 -5.058E-05 -5.062E-05 -5.065E-05 -5.068E-05 -5.070E-05 -5.072E-05 -5.075E-05 -5.075E-05 -5.075E-05 -5.077E-05 -5.077E-05 -5.077E-05 -5.080E-05 -5.080E-05 -5.080E-05 -5.080E-05 -5.080E-05 -5.080E-05 -5.080E-05 -5.080E-05 -5.077E-05 -5.077E-05 -5.077E-05 -5.080E-05 -5.080E-05 -5.080E-05 -5.080E-05 -5.080E-05 -5.080E-05 -5.080E-05 -5.080E-05 -5.077E-05 -5.077E-05 -5.077E-05 -5.075E-05 -5.075E-05 -5.075E-05 -5.072E-05 -5.070E-05 -5.068E-05 -5.065E-05 -5.062E-05 -5.058E-05 -5.055E-05 -5.048E-05 -5.043E-05 -5.035E-05 -5.028E-05 -5.017E-05 -5.007E-05 -4.995E-05 -4.985E-05 -4.975E-05 -4.965E-05 -4.957E-05 -4.953E-05 -4.945E-05 -4.918E-05 -4.820E-05 -4.535E-05 -3.855E-05 -2.700E-05 
+0.00146250 -1.730E-05 -2.442E-05 -2.952E-05 -3.227E-05 -3.353E-05 -3.405E-05 -3.427E-05 -3.440E-05 -3.450E-05 -3.460E-05 -3.470E-05 -3.480E-05 -3.488E-05 -3.495E-05 -3.502E-05 -3.510E-05 -3.515E-05 -3.520E-05 -3.525E-05 -3.527E-05 -3.530E-05 -3.532E-05 -3.535E-05 -3.537E-05 -3.537E-05 -3.540E-05 -3.540E-05 -3.543E-05 -3.543E-05 -3.543E-05 -3.543E-05 -3.543E-05 -3.545E-05 -3.545E-05 -3.545E-05 -3.545E-05 -3.545E-05 -3.545E-05 -3.543E-05 -3.543E-05 -3.543E-05 -3.543E-05 -3.543E-05 -3.545E-05 -3.545E-05 -3.545E-05 -3.545E-05 -3.545E-05 -3.545E-05 -3.543E-05 -3.543E-05 -3.543E-05 -3.543E-05 -3.543E-05 -3.540E-05 -3.540E-05 -3.537E-05 -3.537E-05 -3.535E-05 -3.532E-05 -3.530E-05 -3.527E-05 -3.525E-05 -3.520E-05 -3.515E-05 -3.510E-05 -3.502E-05 -3.495E-05 -3.488E-05 -3.480E-05 -3.470E-05 -3.460E-05 -3.450E-05 -3.440E-05 -3.427E-05 -3.405E-05 -3.353E-05 -3.227E-05 -2.952E-05 -2.442E-05 -1.730E-05 
+0.00097500 -1.027E-05 -1.436E-05 -1.759E-05 -1.957E-05 -2.061E-05 -2.109E-05 -2.132E-05 -2.144E-05 -2.153E-05 -2.161E-05 -2.168E-05 -2.174E-05 -2.181E-05 -2.187E-05 -2.191E-05 -2.196E-05 -2.200E-05 -2.203E-05 -2.206E-05 -2.208E-05 -2.210E-05 -2.212E-05 -2.213E-05 -2.214E-05 -2.215E-05 -2.216E-05 -2.216E-05 -2.217E-05 -2.217E-05 -2.218E-05 -2.218E-05 -2.218E-05 -2.218E-05 -2.218E-05 -2.219E-05 -2.219E-05 -2.219E-05 -2.218E-05 -2.218E-05 -2.218E-05 -2.218E-05 -2.218E-05 -2.218E-05 -2.218E-05 -2.219E-05 -2.219E-05 -2.219E-05 -2.218E-05 -2.218E-05 -2.218E-05 -2.218E-05 -2.218E-05 -2.217E-05 -2.217E-05 -2.216E-05 -2.216E-05 -2.215E-05 -2.214E-05 -2.213E-05 -2.212E-05 -2.210E-05 -2.208E-05 -2.206E-05 -2.203E-05 -2.200E-05 -2.196E-05 -2.191E-05 -2.187E-05 -2.181E-05 -2.174E-05 -2.168E-05 -2.161E-05 -2.153E-05 -2.144E-05 -2.132E-05 -2.109E-05 -2.061E-05 -1.957E-05 -1.759E-05 -1.436E-05 -1.027E-05 
+0.00048750 -4.230E-06 -5.880E-06 -7.247E-06 -8.143E-06 -8.637E-06 -8.883E-06 -9.003E-06 -9.067E-06 -9.113E-06 -9.150E-06 -9.182E-06 -9.213E-06 -9.243E-06 -9.268E-06 -9.290E-06 -9.310E-06 -9.325E-06 -9.340E-06 -9.352E-06 -9.363E-06 -9.373E-06 -9.377E-06 -9.385E-06 -9.390E-06 -9.393E-06 -9.397E-06 -9.400E-06 -9.403E-06 -9.405E-06 -9.405E-06 -9.407E-06 -9.407E-06 -9.407E-06 -9.410E-06 -9.410E-06 -9.410E-06 -9.410E-06 -9.410E-06 -9.407E-06 -9.407E-06 -9.407E-06 -9.407E-06 -9.407E-06 -9.410E-06 -9.410E-06 -9.410E-06 -9.410E-06 -9.410E-06 -9.407E-06 -9.407E-06 -9.407E-06 -9.405E-06 -9.405E-06 -9.403E-06 -9.400E-06 -9.397E-06 -9.393E-06 -9.390E-06 -9.385E-06 -9.377E-06 -9.373E-06 -9.363E-06 -9.352E-06 -9.340E-06 -9.325E-06 -9.310E-06 -9.290E-06 -9.268E-06 -9.243E-06 -9.213E-06 -9.182E-06 -9.150E-06 -9.113E-06 -9.067E-06 -9.003E-06 -8.883E-06 -8.637E-06 -8.143E-06 -7.247E-06 -5.880E-06 -4.230E-06 
+0.00000000 +0.000E+00 +0.000E+00 +0.000E+00 +0.000E+00 +0.000E+00 +0.000E+00 +0.000E+00 +0.000E+00 +0.000E+00 +0.000E+00 +0.000E+00 +0.000E+00 +0.000E+00 +0.000E+00 +0.000E+00 +0.000E+00 +0.000E+00 +0.000E+00 +0.000E+00 +0.000E+00 +0.000E+00 +0.000E+00 +0.000E+00 +0.000E+00 +0.000E+00 +0.000E+00 +0.000E+00 +0.000E+00 +0.000E+00 +0.000E+00 +0.000E+00 +0.000E+00 +0.000E+00 +0.000E+00 +0.000E+00 +0.000E+00 +0.000E+00 +0.000E+00 +0.000E+00 +0.000E+00 +0.000E+00 +0.000E+00 +0.000E+00 +0.000E+00 +0.000E+00 +0.000E+00 +0.000E+00 +0.000E+00 +0.000E+00 +0.000E+00 +0.000E+00 +0.000E+00 +0.000E+00 +0.000E+00 +0.000E+00 +0.000E+00 +0.000E+00 +0.000E+00 +0.000E+00 +0.000E+00 +0.000E+00 +0.000E+00 +0.000E+00 +0.000E+00 +0.000E+00 +0.000E+00 +0.000E+00 +0.000E+00 +0.000E+00 +0.000E+00 +0.000E+00 +0.000E+00 +0.000E+00 +0.000E+00 +0.000E+00 +0.000E+00 +0.000E+00 +0.000E+00 +0.000E+00 +0.000E+00 +0.000E+00 
-0.00048750 +4.230E-06 +5.880E-06 +7.247E-06 +8.143E-06 +8.637E-06 +8.883E-06 +9.003E-06 +9.067E-06 +9.113E-06 +9.150E-06 +9.182E-06 +9.213E-06 +9.243E-06 +9.268E-06 +9.290E-06 +9.310E-06 +9.325E-06 +9.340E-06 +9.352E-06 +9.363E-06 +9.373E-06 +9.377E-06 +9.385E-06 +9.390E-06 +9.393E-06 +9.397E-06 +9.400E-06 +9.403E-06 +9.405E-06 +9.405E-06 +9.407E-06 +9.407E-06 +9.407E-06 +9.410E-06 +9.410E-06 +9.410E-06 +9.410E-06 +9.410E-06 +9.407E-06 +9.407E-06 +9.407E-06 +9.407E-06 +9.407E-06 +9.410E-06 +9.410E-06 +9.410E-06 +9.410E-06 +9.410E-06 +9.407E-06 +9.407E-06 +9.407E-06 +9.405E-06 +9.405E-06 +9.403E-06 +9.400E-06 +9.397E-06 +9.393E-06 +9.390E-06 +9.385E-06 +9.377E-06 +9.373E-06 +9.363E-06 +9.352E-06 +9.340E-06 +9.325E-06 +9.310E-06 +9.290E-06 +9.268E-06 +9.243E-06 +9.213E-06 +9.182E-06 +9.150E-06 +9.113E-06 +9.067E-06 +9.003E-06 +8.883E-06 +8.637E-06 +8.143E-06 +7.247E-06 +5.880E-06 +4.230E-06 
-0.00097500 +1.027E-05 +1.436E-05 +1.759E-05 +1.957E-05 +2.061E-05 +2.109E-05 +2.132E-05 +2.144E-05 +2.153E-05 +2.161E-05 +2.168E-05 +2.174E-05 +2.181E-05 +2.187E-05 +2.191E-05 +2.196E-05 +2.200E-05 +2.203E-05 +2.206E-05 +2.208E-05 +2.210E-05 +2.212E-05 +2.213E-05 +2.214E-05 +2.215E-05 +2.216E-05 +2.216E-05 +2.217E-05 +2.217E-05 +2.218E-05 +2.218E-05 +2.218E-05 +2.218E-05 +2.218E-05 +2.219E-05 +2.219E-05 +2.219E-05 +2.218E-05 +2.218E-05 +2.218E-05 +2.218E-05 +2.218E-05 +2.218E-05 +2.218E-05 +2.219E-05 +2.219E-05 +2.219E-05 +2.218E-05 +2.218E-05 +2.218E-05 +2.218E-05 +2.218E-05 +2.217E-05 +2.217E-05 +2.216E-05 +2.216E-05 +2.215E-05 +2.214E-05 +2.213E-05 +2.212E-05 +2.210E-05 +2.208E-05 +2.206E-05 +2.203E-05 +2.200E-05 +2.196E-05 +2.191E-05 +2.187E-05 +2.181E-05 +2.174E-05 +2.168E-05 +2.161E-05 +2.153E-05 +2.144E-05 +2.132E-05 +2.109E-05 +2.061E-05 +1.957E-05 +1.759E-05 +1.436E-05 +1.027E-05 
-0.00146250 +1.730E-05 +2.442E-05 +2.952E-05 +3.227E-05 +3.353E-05 +3.405E-05 +3.427E-05 +3.440E-05 +3.450E-05 +3.460E-05 +3.470E-05 +3.480E-05 +3.488E-05 +3.495E-05 +3.502E-05 +3.510E-05 +3.515E-05 +3.520E-05 +3.525E-05 +3.527E-05 +3.530E-05 +3.532E-05 +3.535E-05 +3.537E-05 +3.537E-05 +3.540E-05 +3.540E-05 +3.543E-05 +3.543E-05 +3.543E-05 +3.543E-05 +3.543E-05 +3.545E-05 +3.545E-05 +3.545E-05 +3.545E-05 +3.545E-05 +3.545E-05 +3.543E-05 +3.543E-05 +3.543E-05 +3.543E-05 +3.543E-05 +3.545E-05 +3.545E-05 +3.545E-05 +3.545E-05 +3.545E-05 +3.545E-05 +3.543E-05 +3.543E-05 +3.543E-05 +3.543E-05 +3.543E-05 +3.540E-05 +3.540E-05 +3.537E-05 +3.537E-05 +3.535E-05 +3.532E-05 +3.530E-05 +3.527E-05 +3.525E-05 +3.520E-05 +3.515E-05 +3.510E-05 +3.502E-05 +3.495E-05 +3.488E-05 +3.480E-05 +3.470E-05 +3.460E-05 +3.450E-05 +3.440E-05 +3.427E-05 +3.405E-05 +3.353E-05 +3.227E-05 +2.952E-05 +2.442E-05 +1.730E-05 
-0.00195000 +2.700E-05 +3.855E-05 +4.535E-05 +4.820E-05 +4.918E-05 +4.945E-05 +4.953E-05 +4.957E-05 +4.965E-05 +4.975E-05 +4.985E-05 +4.995E-05 +5.007E-05 +5.017E-05 +5.028E-05 +5.035E-05 +5.043E-05 +5.048E-05 +5.055E-05 +5.058E-05 +5.062E-05 +5.065E-05 +5.068E-05 +5.070E-05 +5.072E-05 +5.075E-05 +5.075E-05 +5.075E-05 +5.077E-05 +5.077E-05 +5.077E-05 +5.080E-05 +5.080E-05 +5.080E-05 +5.080E-05 +5.080E-05 +5.080E-05 +5.080E-05 +5.080E-05 +5.077E-05 +5.077E-05 +5.077E-05 +5.080E-05 +5.080E-05 +5.080E-05 +5.080E-05 +5.080E-05 +5.080E-05 +5.080E-05 +5.080E-05 +5.077E-05 +5.077E-05 +5.077E-05 +5.075E-05 +5.075E-05 +5.075E-05 +5.072E-05 +5.070E-05 +5.068E-05 +5.065E-05 +5.062E-05 +5.058E-05 +5.055E-05 +5.048E-05 +5.043E-05 +5.035E-05 +5.028E-05 +5.017E-05 +5.007E-05 +4.995E-05 +4.985E-05 +4.975E-05 +4.965E-05 +4.957E-05 +4.953E-05 +4.945E-05 +4.918E-05 +4.820E-05 +4.535E-05 +3.855E-05 +2.700E-05 
-0.00243750 +4.200E-05 +6.050E-05 +6.742E-05 +6.875E-05 +6.865E-05 +6.833E-05 +6.808E-05 +6.795E-05 +6.795E-05 +6.800E-05 +6.810E-05 +6.820E-05 +6.833E-05 +6.845E-05 +6.857E-05 +6.868E-05 +6.875E-05 +6.882E-05 +6.890E-05 +6.895E-05 +6.900E-05 +6.902E-05 +6.907E-05 +6.910E-05 +6.912E-05 +6.912E-05 +6.915E-05 +6.918E-05 +6.918E-05 +6.918E-05 +6.920E-05 +6.920E-05 +6.920E-05 +6.920E-05 +6.920E-05 +6.923E-05 +6.923E-05 +6.920E-05 +6.920E-05 +6.918E-05 +6.915E-05 +6.918E-05 +6.920E-05 +6.920E-05 +6.923E-05 +6.923E-05 +6.920E-05 +6.920E-05 +6.920E-05 +6.920E-05 +6.920E-05 +6.918E-05 +6.918E-05 +6.918E-05 +6.915E-05 +6.912E-05 +6.912E-05 +6.910E-05 +6.907E-05 +6.902E-05 +6.900E-05 +6.895E-05 +6.890E-05 +6.882E-05 +6.875E-05 +6.868E-05 +6.857E-05 +6.845E-05 +6.833E-05 +6.820E-05 +6.810E-05 +6.800E-05 +6.795E-05 +6.795E-05 +6.808E-05 +6.833E-05 +6.865E-05 +6.875E-05 +6.742E-05 +6.050E-05 +4.200E-05 
-0.00292500 +6.892E-05 +9.815E-05 +9.835E-05 +9.522E-05 +9.300E-05 +9.165E-05 +9.090E-05 +9.053E-05 +9.040E-05 +9.038E-05 +9.045E-05 +9.057E-05 +9.070E-05 +9.082E-05 +9.095E-05 +9.105E-05 +9.115E-05 +9.122E-05 +9.130E-05 +9.137E-05 +9.142E-05 +9.148E-05 +9.153E-05 +9.155E-05 +9.158E-05 +9.160E-05 +9.162E-05 +9.162E-05 +9.165E-05 +9.165E-05 +9.168E-05 +9.168E-05 +9.168E-05 +9.168E-05 +9.168E-05 +9.170E-05 +9.170E-05 +9.170E-05 +9.168E-05 +9.165E-05 +9.160E-05 +9.165E-05 +9.168E-05 +9.170E-05 +9.170E-05 +9.170E-05 +9.168E-05 +9.168E-05 +9.168E-05 +9.168E-05 +9.168E-05 +9.165E-05 +9.165E-05 +9.162E-05 +9.162E-05 +9.160E-05 +9.158E-05 +9.155E-05 +9.153E-05 +9.148E-05 +9.142E-05 +9.137E-05 +9.130E-05 +9.122E-05 +9.115E-05 +9.105E-05 +9.095E-05 +9.082E-05 +9.070E-05 +9.057E-05 +9.045E-05 +9.038E-05 +9.040E-05 +9.053E-05 +9.090E-05 +9.165E-05 +9.300E-05 +9.522E-05 +9.835E-05 +9.815E-05 +6.892E-05 
-0.00341250 +1.665E-04 +1.644E-04 +1.412E-04 +1.307E-04 +1.257E-04 +1.232E-04 +1.219E-04 +1.212E-04 +1.209E-04 +1.208E-04 +1.209E-04 +1.210E-04 +1.211E-04 +1.213E-04 +1.214E-04 +1.215E-04 +1.216E-04 +1.217E-04 +1.218E-04 +1.219E-04 +1.220E-04 +1.220E-04 +1.220E-04 +1.221E-04 +1.221E-04 +1.221E-04 +1.222E-04 +1.222E-04 +1.222E-04 +1.222E-04 +1.222E-04 +1.223E-04 +1.223E-04 +1.223E-04 +1.223E-04 +1.223E-04 +1.223E-04 +1.223E-04 +1.223E-04 +1.223E-04 +1.213E-04 +1.223E-04 +1.223E-04 +1.223E-04 +1.223E-04 +1.223E-04 +1.223E-04 +1.223E-04 +1.223E-04 +1.223E-04 +1.222E-04 +1.222E-04 +1.222E-04 +1.222E-04 +1.222E-04 +1.221E-04 +1.221E-04 +1.221E-04 +1.220E-04 +1.220E-04 +1.220E-04 +1.219E-04 +1.218E-04 +1.217E-04 +1.216E-04 +1.215E-04 +1.214E-04 +1.213E-04 +1.211E-04 +1.210E-04 +1.209E-04 +1.208E-04 +1.209E-04 +1.212E-04 +1.219E-04 +1.232E-04 +1.257E-04 +1.307E-04 +1.412E-04 +1.644E-04 +1.665E-04 
-0.00390000 +4.305E-04 +2.513E-04 +1.901E-04 +1.715E-04 +1.637E-04 +1.600E-04 +1.582E-04 +1.573E-04 +1.568E-04 +1.567E-04 +1.568E-04 +1.568E-04 +1.570E-04 +1.571E-04 +1.573E-04 +1.574E-04 +1.576E-04 +1.577E-04 +1.577E-04 +1.579E-04 +1.579E-04 +1.580E-04 +1.580E-04 +1.581E-04 +1.581E-04 +1.581E-04 +1.582E-04 +1.582E-04 +1.582E-04 +1.582E-04 +1.582E-04 +1.582E-04 +1.582E-04 +1.582E-04 +1.583E-04 +1.583E-04 +1.583E-04 +1.583E-04 +1.583E-04 +1.584E-04 +1.553E-04 +1.584E-04 +1.583E-04 +1.583E-04 +1.583E-04 +1.583E-04 +1.583E-04 +1.582E-04 +1.582E-04 +1.582E-04 +1.582E-04 +1.582E-04 +1.582E-04 +1.582E-04 +1.582E-04 +1.581E-04 +1.581E-04 +1.581E-04 +1.580E-04 +1.580E-04 +1.579E-04 +1.579E-04 +1.577E-04 +1.577E-04 +1.576E-04 +1.574E-04 +1.573E-04 +1.571E-04 +1.570E-04 +1.568E-04 +1.568E-04 +1.567E-04 +1.568E-04 +1.573E-04 +1.582E-04 +1.600E-04 +1.637E-04 +1.715E-04 +1.901E-04 +2.513E-04 +4.305E-04 
