# inga_kicktable KICKMAP
# Author: lnls_at2tracy @ LNLS, Date: 27-Jun-2014 21:23:28
# ID Length [m]
2.0000000000E+00
# Number of Horizontal Points
81
# Number of Vertical Points
17
# Horizontal KickTable in T2m2
START
            -0.03000000 -0.02925000 -0.02850000 -0.02775000 -0.02700000 -0.02625000 -0.02550000 -0.02475000 -0.02400000 -0.02325000 -0.02250000 -0.02175000 -0.02100000 -0.02025000 -0.01950000 -0.01875000 -0.01800000 -0.01725000 -0.01650000 -0.01575000 -0.01500000 -0.01425000 -0.01350000 -0.01275000 -0.01200000 -0.01125000 -0.01050000 -0.00975000 -0.00900000 -0.00825000 -0.00750000 -0.00675000 -0.00600000 -0.00525000 -0.00450000 -0.00375000 -0.00300000 -0.00225000 -0.00150000 -0.00075000 +0.00000000 +0.00075000 +0.00150000 +0.00225000 +0.00300000 +0.00375000 +0.00450000 +0.00525000 +0.00600000 +0.00675000 +0.00750000 +0.00825000 +0.00900000 +0.00975000 +0.01050000 +0.01125000 +0.01200000 +0.01275000 +0.01350000 +0.01425000 +0.01500000 +0.01575000 +0.01650000 +0.01725000 +0.01800000 +0.01875000 +0.01950000 +0.02025000 +0.02100000 +0.02175000 +0.02250000 +0.02325000 +0.02400000 +0.02475000 +0.02550000 +0.02625000 +0.02700000 +0.02775000 +0.02850000 +0.02925000 +0.03000000 
+0.00390000 -1.106E-04 -6.925E-05 -1.173E-04 -2.979E-04 -2.958E-04 -2.709E-04 -2.379E-04 -2.039E-04 -1.722E-04 -1.439E-04 -1.194E-04 -9.850E-05 -8.100E-05 -6.640E-05 -5.430E-05 -4.435E-05 -3.618E-05 -2.950E-05 -2.405E-05 -1.960E-05 -1.596E-05 -1.300E-05 -1.059E-05 -8.625E-06 -7.025E-06 -5.720E-06 -4.653E-06 -3.783E-06 -3.070E-06 -2.485E-06 -2.003E-06 -1.605E-06 -1.272E-06 -9.890E-07 -7.445E-07 -5.245E-07 -3.069E-07 -2.510E-08 +1.707E-07 +9.635E-06 +0.000E+00 -9.635E-06 -1.707E-07 +2.510E-08 +3.069E-07 +5.245E-07 +7.445E-07 +9.890E-07 +1.272E-06 +1.605E-06 +2.003E-06 +2.485E-06 +3.070E-06 +3.783E-06 +4.653E-06 +5.720E-06 +7.025E-06 +8.625E-06 +1.059E-05 +1.300E-05 +1.596E-05 +1.960E-05 +2.405E-05 +2.950E-05 +3.618E-05 +4.435E-05 +5.430E-05 +6.640E-05 +8.100E-05 +9.850E-05 +1.194E-04 +1.439E-04 +1.722E-04 +2.039E-04 +2.379E-04 +2.709E-04 +2.958E-04 +2.979E-04 +1.173E-04 +6.925E-05 +1.106E-04 
+0.00341250 -1.962E-03 -9.625E-04 -5.315E-04 -4.198E-04 -3.546E-04 -3.003E-04 -2.526E-04 -2.110E-04 -1.749E-04 -1.443E-04 -1.185E-04 -9.695E-05 -7.915E-05 -6.450E-05 -5.250E-05 -4.269E-05 -3.471E-05 -2.820E-05 -2.292E-05 -1.862E-05 -1.514E-05 -1.230E-05 -1.000E-05 -8.135E-06 -6.615E-06 -5.375E-06 -4.368E-06 -3.546E-06 -2.875E-06 -2.323E-06 -1.870E-06 -1.495E-06 -1.180E-06 -9.120E-07 -6.765E-07 -4.576E-07 -1.947E-07 +2.096E-08 +5.785E-07 +2.418E-06 +0.000E+00 -2.418E-06 -5.785E-07 -2.096E-08 +1.947E-07 +4.576E-07 +6.765E-07 +9.120E-07 +1.180E-06 +1.495E-06 +1.870E-06 +2.323E-06 +2.875E-06 +3.546E-06 +4.368E-06 +5.375E-06 +6.615E-06 +8.135E-06 +1.000E-05 +1.230E-05 +1.514E-05 +1.862E-05 +2.292E-05 +2.820E-05 +3.471E-05 +4.269E-05 +5.250E-05 +6.450E-05 +7.915E-05 +9.695E-05 +1.185E-04 +1.443E-04 +1.749E-04 +2.110E-04 +2.526E-04 +3.003E-04 +3.546E-04 +4.198E-04 +5.315E-04 +9.625E-04 +1.962E-03 
+0.00292500 -1.323E-03 -9.445E-04 -6.510E-04 -4.876E-04 -3.902E-04 -3.192E-04 -2.625E-04 -2.156E-04 -1.765E-04 -1.442E-04 -1.174E-04 -9.545E-05 -7.745E-05 -6.285E-05 -5.090E-05 -4.126E-05 -3.344E-05 -2.710E-05 -2.196E-05 -1.780E-05 -1.444E-05 -1.172E-05 -9.510E-06 -7.720E-06 -6.270E-06 -5.090E-06 -4.130E-06 -3.349E-06 -2.711E-06 -2.189E-06 -1.760E-06 -1.403E-06 -1.104E-06 -8.495E-07 -6.235E-07 -4.112E-07 -1.442E-07 +2.936E-08 +4.941E-07 +9.635E-07 +0.000E+00 -9.635E-07 -4.941E-07 -2.936E-08 +1.442E-07 +4.112E-07 +6.235E-07 +8.495E-07 +1.104E-06 +1.403E-06 +1.760E-06 +2.189E-06 +2.711E-06 +3.349E-06 +4.130E-06 +5.090E-06 +6.270E-06 +7.720E-06 +9.510E-06 +1.172E-05 +1.444E-05 +1.780E-05 +2.196E-05 +2.710E-05 +3.344E-05 +4.126E-05 +5.090E-05 +6.285E-05 +7.745E-05 +9.545E-05 +1.174E-04 +1.442E-04 +1.765E-04 +2.156E-04 +2.625E-04 +3.192E-04 +3.902E-04 +4.876E-04 +6.510E-04 +9.445E-04 +1.323E-03 
+0.00243750 -9.165E-04 -7.870E-04 -6.360E-04 -5.020E-04 -4.033E-04 -3.277E-04 -2.671E-04 -2.175E-04 -1.767E-04 -1.433E-04 -1.161E-04 -9.385E-05 -7.585E-05 -6.125E-05 -4.948E-05 -3.997E-05 -3.230E-05 -2.611E-05 -2.112E-05 -1.708E-05 -1.384E-05 -1.121E-05 -9.085E-06 -7.365E-06 -5.970E-06 -4.843E-06 -3.926E-06 -3.180E-06 -2.572E-06 -2.074E-06 -1.665E-06 -1.326E-06 -1.041E-06 -7.985E-07 -5.830E-07 -3.816E-07 -1.467E-07 +1.510E-08 +2.864E-07 +3.918E-07 +0.000E+00 -3.918E-07 -2.864E-07 -1.510E-08 +1.467E-07 +3.816E-07 +5.830E-07 +7.985E-07 +1.041E-06 +1.326E-06 +1.665E-06 +2.074E-06 +2.572E-06 +3.180E-06 +3.926E-06 +4.843E-06 +5.970E-06 +7.365E-06 +9.085E-06 +1.121E-05 +1.384E-05 +1.708E-05 +2.112E-05 +2.611E-05 +3.230E-05 +3.997E-05 +4.948E-05 +6.125E-05 +7.585E-05 +9.385E-05 +1.161E-04 +1.433E-04 +1.767E-04 +2.175E-04 +2.671E-04 +3.277E-04 +4.033E-04 +5.020E-04 +6.360E-04 +7.870E-04 +9.165E-04 
+0.00195000 -6.835E-04 -6.480E-04 -5.805E-04 -4.867E-04 -4.012E-04 -3.284E-04 -2.677E-04 -2.175E-04 -1.760E-04 -1.422E-04 -1.146E-04 -9.230E-05 -7.435E-05 -5.985E-05 -4.821E-05 -3.884E-05 -3.132E-05 -2.526E-05 -2.040E-05 -1.648E-05 -1.333E-05 -1.078E-05 -8.725E-06 -7.065E-06 -5.725E-06 -4.639E-06 -3.758E-06 -3.042E-06 -2.458E-06 -1.980E-06 -1.588E-06 -1.264E-06 -9.910E-07 -7.580E-07 -5.535E-07 -3.651E-07 -1.703E-07 -4.287E-09 +1.257E-07 +1.651E-07 +0.000E+00 -1.651E-07 -1.257E-07 +4.287E-09 +1.703E-07 +3.651E-07 +5.535E-07 +7.580E-07 +9.910E-07 +1.264E-06 +1.588E-06 +1.980E-06 +2.458E-06 +3.042E-06 +3.758E-06 +4.639E-06 +5.725E-06 +7.065E-06 +8.725E-06 +1.078E-05 +1.333E-05 +1.648E-05 +2.040E-05 +2.526E-05 +3.132E-05 +3.884E-05 +4.821E-05 +5.985E-05 +7.435E-05 +9.230E-05 +1.146E-04 +1.422E-04 +1.760E-04 +2.175E-04 +2.677E-04 +3.284E-04 +4.012E-04 +4.867E-04 +5.805E-04 +6.480E-04 +6.835E-04 
+0.00146250 -5.465E-04 -5.485E-04 -5.240E-04 -4.620E-04 -3.918E-04 -3.251E-04 -2.662E-04 -2.163E-04 -1.748E-04 -1.409E-04 -1.133E-04 -9.095E-05 -7.305E-05 -5.870E-05 -4.716E-05 -3.793E-05 -3.053E-05 -2.459E-05 -1.983E-05 -1.599E-05 -1.292E-05 -1.044E-05 -8.445E-06 -6.835E-06 -5.530E-06 -4.479E-06 -3.625E-06 -2.932E-06 -2.368E-06 -1.907E-06 -1.528E-06 -1.214E-06 -9.515E-07 -7.280E-07 -5.325E-07 -3.569E-07 -1.939E-07 -1.942E-08 +1.715E-08 +6.830E-08 +0.000E+00 -6.830E-08 -1.715E-08 +1.942E-08 +1.939E-07 +3.569E-07 +5.325E-07 +7.280E-07 +9.515E-07 +1.214E-06 +1.528E-06 +1.907E-06 +2.368E-06 +2.932E-06 +3.625E-06 +4.479E-06 +5.530E-06 +6.835E-06 +8.445E-06 +1.044E-05 +1.292E-05 +1.599E-05 +1.983E-05 +2.459E-05 +3.053E-05 +3.793E-05 +4.716E-05 +5.870E-05 +7.305E-05 +9.095E-05 +1.133E-04 +1.409E-04 +1.748E-04 +2.163E-04 +2.662E-04 +3.251E-04 +3.918E-04 +4.620E-04 +5.240E-04 +5.485E-04 +5.465E-04 
+0.00097500 -4.661E-04 -4.840E-04 -4.809E-04 -4.394E-04 -3.813E-04 -3.205E-04 -2.640E-04 -2.149E-04 -1.736E-04 -1.397E-04 -1.122E-04 -8.990E-05 -7.210E-05 -5.780E-05 -4.639E-05 -3.726E-05 -2.994E-05 -2.409E-05 -1.941E-05 -1.565E-05 -1.263E-05 -1.019E-05 -8.240E-06 -6.665E-06 -5.390E-06 -4.363E-06 -3.530E-06 -2.854E-06 -2.304E-06 -1.854E-06 -1.485E-06 -1.180E-06 -9.240E-07 -7.070E-07 -5.190E-07 -3.532E-07 -2.057E-07 -7.700E-08 -2.751E-09 +1.893E-08 +0.000E+00 -1.893E-08 +2.751E-09 +7.700E-08 +2.057E-07 +3.532E-07 +5.190E-07 +7.070E-07 +9.240E-07 +1.180E-06 +1.485E-06 +1.854E-06 +2.304E-06 +2.854E-06 +3.530E-06 +4.363E-06 +5.390E-06 +6.665E-06 +8.240E-06 +1.019E-05 +1.263E-05 +1.565E-05 +1.941E-05 +2.409E-05 +2.994E-05 +3.726E-05 +4.639E-05 +5.780E-05 +7.210E-05 +8.990E-05 +1.122E-04 +1.397E-04 +1.736E-04 +2.149E-04 +2.640E-04 +3.205E-04 +3.813E-04 +4.394E-04 +4.809E-04 +4.840E-04 +4.661E-04 
+0.00048750 -4.237E-04 -4.482E-04 -4.549E-04 -4.243E-04 -3.738E-04 -3.168E-04 -2.622E-04 -2.137E-04 -1.727E-04 -1.389E-04 -1.114E-04 -8.925E-05 -7.150E-05 -5.725E-05 -4.591E-05 -3.684E-05 -2.959E-05 -2.379E-05 -1.915E-05 -1.543E-05 -1.245E-05 -1.004E-05 -8.115E-06 -6.560E-06 -5.305E-06 -4.293E-06 -3.473E-06 -2.807E-06 -2.265E-06 -1.822E-06 -1.459E-06 -1.159E-06 -9.075E-07 -6.945E-07 -5.110E-07 -3.515E-07 -2.135E-07 -1.011E-07 -2.433E-08 -6.110E-10 +0.000E+00 +6.110E-10 +2.433E-08 +1.011E-07 +2.135E-07 +3.515E-07 +5.110E-07 +6.945E-07 +9.075E-07 +1.159E-06 +1.459E-06 +1.822E-06 +2.265E-06 +2.807E-06 +3.473E-06 +4.293E-06 +5.305E-06 +6.560E-06 +8.115E-06 +1.004E-05 +1.245E-05 +1.543E-05 +1.915E-05 +2.379E-05 +2.959E-05 +3.684E-05 +4.591E-05 +5.725E-05 +7.150E-05 +8.925E-05 +1.114E-04 +1.389E-04 +1.727E-04 +2.137E-04 +2.622E-04 +3.168E-04 +3.738E-04 +4.243E-04 +4.549E-04 +4.482E-04 +4.237E-04 
+0.00000000 -4.105E-04 -4.367E-04 -4.462E-04 -4.192E-04 -3.710E-04 -3.155E-04 -2.615E-04 -2.134E-04 -1.724E-04 -1.387E-04 -1.112E-04 -8.905E-05 -7.130E-05 -5.710E-05 -4.575E-05 -3.670E-05 -2.947E-05 -2.369E-05 -1.907E-05 -1.536E-05 -1.238E-05 -9.995E-06 -8.075E-06 -6.525E-06 -5.280E-06 -4.270E-06 -3.454E-06 -2.791E-06 -2.252E-06 -1.812E-06 -1.451E-06 -1.152E-06 -9.020E-07 -6.905E-07 -5.085E-07 -3.511E-07 -2.161E-07 -1.077E-07 -3.484E-08 -3.978E-09 +0.000E+00 +3.978E-09 +3.484E-08 +1.077E-07 +2.161E-07 +3.511E-07 +5.085E-07 +6.905E-07 +9.020E-07 +1.152E-06 +1.451E-06 +1.812E-06 +2.252E-06 +2.791E-06 +3.454E-06 +4.270E-06 +5.280E-06 +6.525E-06 +8.075E-06 +9.995E-06 +1.238E-05 +1.536E-05 +1.907E-05 +2.369E-05 +2.947E-05 +3.670E-05 +4.575E-05 +5.710E-05 +7.130E-05 +8.905E-05 +1.112E-04 +1.387E-04 +1.724E-04 +2.134E-04 +2.615E-04 +3.155E-04 +3.710E-04 +4.192E-04 +4.462E-04 +4.367E-04 +4.105E-04 
-0.00048750 -4.237E-04 -4.482E-04 -4.549E-04 -4.243E-04 -3.738E-04 -3.168E-04 -2.622E-04 -2.137E-04 -1.727E-04 -1.389E-04 -1.114E-04 -8.925E-05 -7.150E-05 -5.725E-05 -4.591E-05 -3.684E-05 -2.959E-05 -2.379E-05 -1.915E-05 -1.543E-05 -1.245E-05 -1.004E-05 -8.115E-06 -6.560E-06 -5.305E-06 -4.293E-06 -3.473E-06 -2.807E-06 -2.265E-06 -1.822E-06 -1.459E-06 -1.159E-06 -9.075E-07 -6.945E-07 -5.110E-07 -3.515E-07 -2.135E-07 -1.011E-07 -2.433E-08 -6.110E-10 +0.000E+00 +6.110E-10 +2.433E-08 +1.011E-07 +2.135E-07 +3.515E-07 +5.110E-07 +6.945E-07 +9.075E-07 +1.159E-06 +1.459E-06 +1.822E-06 +2.265E-06 +2.807E-06 +3.473E-06 +4.293E-06 +5.305E-06 +6.560E-06 +8.115E-06 +1.004E-05 +1.245E-05 +1.543E-05 +1.915E-05 +2.379E-05 +2.959E-05 +3.684E-05 +4.591E-05 +5.725E-05 +7.150E-05 +8.925E-05 +1.114E-04 +1.389E-04 +1.727E-04 +2.137E-04 +2.622E-04 +3.168E-04 +3.738E-04 +4.243E-04 +4.549E-04 +4.482E-04 +4.237E-04 
-0.00097500 -4.661E-04 -4.840E-04 -4.809E-04 -4.394E-04 -3.813E-04 -3.205E-04 -2.640E-04 -2.149E-04 -1.736E-04 -1.397E-04 -1.122E-04 -8.990E-05 -7.210E-05 -5.780E-05 -4.639E-05 -3.726E-05 -2.994E-05 -2.409E-05 -1.941E-05 -1.565E-05 -1.263E-05 -1.019E-05 -8.240E-06 -6.665E-06 -5.390E-06 -4.363E-06 -3.530E-06 -2.854E-06 -2.304E-06 -1.854E-06 -1.485E-06 -1.180E-06 -9.240E-07 -7.070E-07 -5.190E-07 -3.532E-07 -2.057E-07 -7.700E-08 -2.751E-09 +1.893E-08 +0.000E+00 -1.893E-08 +2.751E-09 +7.700E-08 +2.057E-07 +3.532E-07 +5.190E-07 +7.070E-07 +9.240E-07 +1.180E-06 +1.485E-06 +1.854E-06 +2.304E-06 +2.854E-06 +3.530E-06 +4.363E-06 +5.390E-06 +6.665E-06 +8.240E-06 +1.019E-05 +1.263E-05 +1.565E-05 +1.941E-05 +2.409E-05 +2.994E-05 +3.726E-05 +4.639E-05 +5.780E-05 +7.210E-05 +8.990E-05 +1.122E-04 +1.397E-04 +1.736E-04 +2.149E-04 +2.640E-04 +3.205E-04 +3.813E-04 +4.394E-04 +4.809E-04 +4.840E-04 +4.661E-04 
-0.00146250 -5.465E-04 -5.485E-04 -5.240E-04 -4.620E-04 -3.918E-04 -3.251E-04 -2.662E-04 -2.163E-04 -1.748E-04 -1.409E-04 -1.133E-04 -9.095E-05 -7.305E-05 -5.870E-05 -4.716E-05 -3.793E-05 -3.053E-05 -2.459E-05 -1.983E-05 -1.599E-05 -1.292E-05 -1.044E-05 -8.445E-06 -6.835E-06 -5.530E-06 -4.479E-06 -3.625E-06 -2.932E-06 -2.368E-06 -1.907E-06 -1.528E-06 -1.214E-06 -9.515E-07 -7.280E-07 -5.325E-07 -3.569E-07 -1.939E-07 -1.942E-08 +1.715E-08 +6.830E-08 +0.000E+00 -6.830E-08 -1.715E-08 +1.942E-08 +1.939E-07 +3.569E-07 +5.325E-07 +7.280E-07 +9.515E-07 +1.214E-06 +1.528E-06 +1.907E-06 +2.368E-06 +2.932E-06 +3.625E-06 +4.479E-06 +5.530E-06 +6.835E-06 +8.445E-06 +1.044E-05 +1.292E-05 +1.599E-05 +1.983E-05 +2.459E-05 +3.053E-05 +3.793E-05 +4.716E-05 +5.870E-05 +7.305E-05 +9.095E-05 +1.133E-04 +1.409E-04 +1.748E-04 +2.163E-04 +2.662E-04 +3.251E-04 +3.918E-04 +4.620E-04 +5.240E-04 +5.485E-04 +5.465E-04 
-0.00195000 -6.835E-04 -6.480E-04 -5.805E-04 -4.867E-04 -4.012E-04 -3.284E-04 -2.677E-04 -2.175E-04 -1.760E-04 -1.422E-04 -1.146E-04 -9.230E-05 -7.435E-05 -5.985E-05 -4.821E-05 -3.884E-05 -3.132E-05 -2.526E-05 -2.040E-05 -1.648E-05 -1.333E-05 -1.078E-05 -8.725E-06 -7.065E-06 -5.725E-06 -4.639E-06 -3.758E-06 -3.042E-06 -2.458E-06 -1.980E-06 -1.588E-06 -1.264E-06 -9.910E-07 -7.580E-07 -5.535E-07 -3.651E-07 -1.703E-07 -4.287E-09 +1.257E-07 +1.651E-07 +0.000E+00 -1.651E-07 -1.257E-07 +4.287E-09 +1.703E-07 +3.651E-07 +5.535E-07 +7.580E-07 +9.910E-07 +1.264E-06 +1.588E-06 +1.980E-06 +2.458E-06 +3.042E-06 +3.758E-06 +4.639E-06 +5.725E-06 +7.065E-06 +8.725E-06 +1.078E-05 +1.333E-05 +1.648E-05 +2.040E-05 +2.526E-05 +3.132E-05 +3.884E-05 +4.821E-05 +5.985E-05 +7.435E-05 +9.230E-05 +1.146E-04 +1.422E-04 +1.760E-04 +2.175E-04 +2.677E-04 +3.284E-04 +4.012E-04 +4.867E-04 +5.805E-04 +6.480E-04 +6.835E-04 
-0.00243750 -9.165E-04 -7.870E-04 -6.360E-04 -5.020E-04 -4.033E-04 -3.277E-04 -2.671E-04 -2.175E-04 -1.767E-04 -1.433E-04 -1.161E-04 -9.385E-05 -7.585E-05 -6.125E-05 -4.948E-05 -3.997E-05 -3.230E-05 -2.611E-05 -2.112E-05 -1.708E-05 -1.384E-05 -1.121E-05 -9.085E-06 -7.365E-06 -5.970E-06 -4.843E-06 -3.926E-06 -3.180E-06 -2.572E-06 -2.074E-06 -1.665E-06 -1.326E-06 -1.041E-06 -7.985E-07 -5.830E-07 -3.816E-07 -1.467E-07 +1.510E-08 +2.864E-07 +3.918E-07 +0.000E+00 -3.918E-07 -2.864E-07 -1.510E-08 +1.467E-07 +3.816E-07 +5.830E-07 +7.985E-07 +1.041E-06 +1.326E-06 +1.665E-06 +2.074E-06 +2.572E-06 +3.180E-06 +3.926E-06 +4.843E-06 +5.970E-06 +7.365E-06 +9.085E-06 +1.121E-05 +1.384E-05 +1.708E-05 +2.112E-05 +2.611E-05 +3.230E-05 +3.997E-05 +4.948E-05 +6.125E-05 +7.585E-05 +9.385E-05 +1.161E-04 +1.433E-04 +1.767E-04 +2.175E-04 +2.671E-04 +3.277E-04 +4.033E-04 +5.020E-04 +6.360E-04 +7.870E-04 +9.165E-04 
-0.00292500 -1.323E-03 -9.445E-04 -6.510E-04 -4.876E-04 -3.902E-04 -3.192E-04 -2.625E-04 -2.156E-04 -1.765E-04 -1.442E-04 -1.174E-04 -9.545E-05 -7.745E-05 -6.285E-05 -5.090E-05 -4.126E-05 -3.344E-05 -2.710E-05 -2.196E-05 -1.780E-05 -1.444E-05 -1.172E-05 -9.510E-06 -7.720E-06 -6.270E-06 -5.090E-06 -4.130E-06 -3.349E-06 -2.711E-06 -2.189E-06 -1.760E-06 -1.403E-06 -1.104E-06 -8.495E-07 -6.235E-07 -4.112E-07 -1.442E-07 +2.936E-08 +4.941E-07 +9.635E-07 +0.000E+00 -9.635E-07 -4.941E-07 -2.936E-08 +1.442E-07 +4.112E-07 +6.235E-07 +8.495E-07 +1.104E-06 +1.403E-06 +1.760E-06 +2.189E-06 +2.711E-06 +3.349E-06 +4.130E-06 +5.090E-06 +6.270E-06 +7.720E-06 +9.510E-06 +1.172E-05 +1.444E-05 +1.780E-05 +2.196E-05 +2.710E-05 +3.344E-05 +4.126E-05 +5.090E-05 +6.285E-05 +7.745E-05 +9.545E-05 +1.174E-04 +1.442E-04 +1.765E-04 +2.156E-04 +2.625E-04 +3.192E-04 +3.902E-04 +4.876E-04 +6.510E-04 +9.445E-04 +1.323E-03 
-0.00341250 -1.962E-03 -9.625E-04 -5.315E-04 -4.198E-04 -3.546E-04 -3.003E-04 -2.526E-04 -2.110E-04 -1.749E-04 -1.443E-04 -1.185E-04 -9.695E-05 -7.915E-05 -6.450E-05 -5.250E-05 -4.269E-05 -3.471E-05 -2.820E-05 -2.292E-05 -1.862E-05 -1.514E-05 -1.230E-05 -1.000E-05 -8.135E-06 -6.615E-06 -5.375E-06 -4.368E-06 -3.546E-06 -2.875E-06 -2.323E-06 -1.870E-06 -1.495E-06 -1.180E-06 -9.120E-07 -6.765E-07 -4.576E-07 -1.947E-07 +2.096E-08 +5.785E-07 +2.418E-06 +0.000E+00 -2.418E-06 -5.785E-07 -2.096E-08 +1.947E-07 +4.576E-07 +6.765E-07 +9.120E-07 +1.180E-06 +1.495E-06 +1.870E-06 +2.323E-06 +2.875E-06 +3.546E-06 +4.368E-06 +5.375E-06 +6.615E-06 +8.135E-06 +1.000E-05 +1.230E-05 +1.514E-05 +1.862E-05 +2.292E-05 +2.820E-05 +3.471E-05 +4.269E-05 +5.250E-05 +6.450E-05 +7.915E-05 +9.695E-05 +1.185E-04 +1.443E-04 +1.749E-04 +2.110E-04 +2.526E-04 +3.003E-04 +3.546E-04 +4.198E-04 +5.315E-04 +9.625E-04 +1.962E-03 
-0.00390000 -1.106E-04 -6.925E-05 -1.173E-04 -2.979E-04 -2.958E-04 -2.709E-04 -2.379E-04 -2.039E-04 -1.722E-04 -1.439E-04 -1.194E-04 -9.850E-05 -8.100E-05 -6.640E-05 -5.430E-05 -4.435E-05 -3.618E-05 -2.950E-05 -2.405E-05 -1.960E-05 -1.596E-05 -1.300E-05 -1.059E-05 -8.625E-06 -7.025E-06 -5.720E-06 -4.653E-06 -3.783E-06 -3.070E-06 -2.485E-06 -2.003E-06 -1.605E-06 -1.272E-06 -9.890E-07 -7.445E-07 -5.245E-07 -3.069E-07 -2.510E-08 +1.707E-07 +9.635E-06 +0.000E+00 -9.635E-06 -1.707E-07 +2.510E-08 +3.069E-07 +5.245E-07 +7.445E-07 +9.890E-07 +1.272E-06 +1.605E-06 +2.003E-06 +2.485E-06 +3.070E-06 +3.783E-06 +4.653E-06 +5.720E-06 +7.025E-06 +8.625E-06 +1.059E-05 +1.300E-05 +1.596E-05 +1.960E-05 +2.405E-05 +2.950E-05 +3.618E-05 +4.435E-05 +5.430E-05 +6.640E-05 +8.100E-05 +9.850E-05 +1.194E-04 +1.439E-04 +1.722E-04 +2.039E-04 +2.379E-04 +2.709E-04 +2.958E-04 +2.979E-04 +1.173E-04 +6.925E-05 +1.106E-04 
# Vertical KickTable in T2m2
START
            -0.03000000 -0.02925000 -0.02850000 -0.02775000 -0.02700000 -0.02625000 -0.02550000 -0.02475000 -0.02400000 -0.02325000 -0.02250000 -0.02175000 -0.02100000 -0.02025000 -0.01950000 -0.01875000 -0.01800000 -0.01725000 -0.01650000 -0.01575000 -0.01500000 -0.01425000 -0.01350000 -0.01275000 -0.01200000 -0.01125000 -0.01050000 -0.00975000 -0.00900000 -0.00825000 -0.00750000 -0.00675000 -0.00600000 -0.00525000 -0.00450000 -0.00375000 -0.00300000 -0.00225000 -0.00150000 -0.00075000 +0.00000000 +0.00075000 +0.00150000 +0.00225000 +0.00300000 +0.00375000 +0.00450000 +0.00525000 +0.00600000 +0.00675000 +0.00750000 +0.00825000 +0.00900000 +0.00975000 +0.01050000 +0.01125000 +0.01200000 +0.01275000 +0.01350000 +0.01425000 +0.01500000 +0.01575000 +0.01650000 +0.01725000 +0.01800000 +0.01875000 +0.01950000 +0.02025000 +0.02100000 +0.02175000 +0.02250000 +0.02325000 +0.02400000 +0.02475000 +0.02550000 +0.02625000 +0.02700000 +0.02775000 +0.02850000 +0.02925000 +0.03000000 
+0.00390000 -8.610E-03 -5.025E-03 -3.802E-03 -3.429E-03 -3.274E-03 -3.200E-03 -3.164E-03 -3.145E-03 -3.137E-03 -3.135E-03 -3.135E-03 -3.137E-03 -3.139E-03 -3.142E-03 -3.145E-03 -3.148E-03 -3.151E-03 -3.153E-03 -3.155E-03 -3.157E-03 -3.158E-03 -3.159E-03 -3.161E-03 -3.161E-03 -3.162E-03 -3.163E-03 -3.164E-03 -3.164E-03 -3.164E-03 -3.165E-03 -3.165E-03 -3.165E-03 -3.165E-03 -3.165E-03 -3.165E-03 -3.165E-03 -3.165E-03 -3.166E-03 -3.166E-03 -3.168E-03 -3.105E-03 -3.168E-03 -3.166E-03 -3.166E-03 -3.165E-03 -3.165E-03 -3.165E-03 -3.165E-03 -3.165E-03 -3.165E-03 -3.165E-03 -3.165E-03 -3.164E-03 -3.164E-03 -3.164E-03 -3.163E-03 -3.162E-03 -3.161E-03 -3.161E-03 -3.159E-03 -3.158E-03 -3.157E-03 -3.155E-03 -3.153E-03 -3.151E-03 -3.148E-03 -3.145E-03 -3.142E-03 -3.139E-03 -3.137E-03 -3.135E-03 -3.135E-03 -3.137E-03 -3.145E-03 -3.164E-03 -3.200E-03 -3.274E-03 -3.429E-03 -3.802E-03 -5.025E-03 -8.610E-03 
+0.00341250 -3.331E-03 -3.287E-03 -2.824E-03 -2.615E-03 -2.514E-03 -2.463E-03 -2.437E-03 -2.425E-03 -2.419E-03 -2.417E-03 -2.418E-03 -2.420E-03 -2.423E-03 -2.426E-03 -2.428E-03 -2.430E-03 -2.433E-03 -2.435E-03 -2.436E-03 -2.438E-03 -2.439E-03 -2.440E-03 -2.441E-03 -2.442E-03 -2.442E-03 -2.443E-03 -2.443E-03 -2.444E-03 -2.444E-03 -2.445E-03 -2.445E-03 -2.445E-03 -2.445E-03 -2.445E-03 -2.445E-03 -2.446E-03 -2.446E-03 -2.446E-03 -2.446E-03 -2.446E-03 -2.426E-03 -2.446E-03 -2.446E-03 -2.446E-03 -2.446E-03 -2.446E-03 -2.445E-03 -2.445E-03 -2.445E-03 -2.445E-03 -2.445E-03 -2.445E-03 -2.444E-03 -2.444E-03 -2.443E-03 -2.443E-03 -2.442E-03 -2.442E-03 -2.441E-03 -2.440E-03 -2.439E-03 -2.438E-03 -2.436E-03 -2.435E-03 -2.433E-03 -2.430E-03 -2.428E-03 -2.426E-03 -2.423E-03 -2.420E-03 -2.418E-03 -2.417E-03 -2.419E-03 -2.425E-03 -2.437E-03 -2.463E-03 -2.514E-03 -2.615E-03 -2.824E-03 -3.287E-03 -3.331E-03 
+0.00292500 -1.378E-03 -1.963E-03 -1.967E-03 -1.904E-03 -1.860E-03 -1.833E-03 -1.818E-03 -1.811E-03 -1.808E-03 -1.808E-03 -1.809E-03 -1.811E-03 -1.814E-03 -1.816E-03 -1.819E-03 -1.821E-03 -1.823E-03 -1.824E-03 -1.826E-03 -1.827E-03 -1.829E-03 -1.829E-03 -1.831E-03 -1.831E-03 -1.832E-03 -1.832E-03 -1.832E-03 -1.832E-03 -1.833E-03 -1.833E-03 -1.834E-03 -1.834E-03 -1.834E-03 -1.834E-03 -1.834E-03 -1.834E-03 -1.834E-03 -1.834E-03 -1.834E-03 -1.833E-03 -1.832E-03 -1.833E-03 -1.834E-03 -1.834E-03 -1.834E-03 -1.834E-03 -1.834E-03 -1.834E-03 -1.834E-03 -1.834E-03 -1.834E-03 -1.833E-03 -1.833E-03 -1.832E-03 -1.832E-03 -1.832E-03 -1.832E-03 -1.831E-03 -1.831E-03 -1.829E-03 -1.829E-03 -1.827E-03 -1.826E-03 -1.824E-03 -1.823E-03 -1.821E-03 -1.819E-03 -1.816E-03 -1.814E-03 -1.811E-03 -1.809E-03 -1.808E-03 -1.808E-03 -1.811E-03 -1.818E-03 -1.833E-03 -1.860E-03 -1.904E-03 -1.967E-03 -1.963E-03 -1.378E-03 
+0.00243750 -8.400E-04 -1.210E-03 -1.349E-03 -1.375E-03 -1.373E-03 -1.367E-03 -1.362E-03 -1.359E-03 -1.359E-03 -1.360E-03 -1.362E-03 -1.364E-03 -1.367E-03 -1.369E-03 -1.372E-03 -1.373E-03 -1.375E-03 -1.376E-03 -1.378E-03 -1.379E-03 -1.380E-03 -1.380E-03 -1.381E-03 -1.382E-03 -1.383E-03 -1.383E-03 -1.383E-03 -1.383E-03 -1.383E-03 -1.383E-03 -1.384E-03 -1.384E-03 -1.384E-03 -1.384E-03 -1.384E-03 -1.385E-03 -1.385E-03 -1.384E-03 -1.384E-03 -1.383E-03 -1.383E-03 -1.383E-03 -1.384E-03 -1.384E-03 -1.385E-03 -1.385E-03 -1.384E-03 -1.384E-03 -1.384E-03 -1.384E-03 -1.384E-03 -1.383E-03 -1.383E-03 -1.383E-03 -1.383E-03 -1.383E-03 -1.383E-03 -1.382E-03 -1.381E-03 -1.380E-03 -1.380E-03 -1.379E-03 -1.378E-03 -1.376E-03 -1.375E-03 -1.373E-03 -1.372E-03 -1.369E-03 -1.367E-03 -1.364E-03 -1.362E-03 -1.360E-03 -1.359E-03 -1.359E-03 -1.362E-03 -1.367E-03 -1.373E-03 -1.375E-03 -1.349E-03 -1.210E-03 -8.400E-04 
+0.00195000 -5.400E-04 -7.710E-04 -9.070E-04 -9.640E-04 -9.835E-04 -9.890E-04 -9.905E-04 -9.915E-04 -9.930E-04 -9.950E-04 -9.970E-04 -9.990E-04 -1.002E-03 -1.004E-03 -1.006E-03 -1.007E-03 -1.009E-03 -1.009E-03 -1.011E-03 -1.012E-03 -1.012E-03 -1.013E-03 -1.014E-03 -1.014E-03 -1.014E-03 -1.015E-03 -1.015E-03 -1.015E-03 -1.015E-03 -1.015E-03 -1.015E-03 -1.016E-03 -1.016E-03 -1.016E-03 -1.016E-03 -1.016E-03 -1.016E-03 -1.016E-03 -1.016E-03 -1.015E-03 -1.015E-03 -1.015E-03 -1.016E-03 -1.016E-03 -1.016E-03 -1.016E-03 -1.016E-03 -1.016E-03 -1.016E-03 -1.016E-03 -1.015E-03 -1.015E-03 -1.015E-03 -1.015E-03 -1.015E-03 -1.015E-03 -1.014E-03 -1.014E-03 -1.014E-03 -1.013E-03 -1.012E-03 -1.012E-03 -1.011E-03 -1.009E-03 -1.009E-03 -1.007E-03 -1.006E-03 -1.004E-03 -1.002E-03 -9.990E-04 -9.970E-04 -9.950E-04 -9.930E-04 -9.915E-04 -9.905E-04 -9.890E-04 -9.835E-04 -9.640E-04 -9.070E-04 -7.710E-04 -5.400E-04 
+0.00146250 -3.460E-04 -4.884E-04 -5.905E-04 -6.455E-04 -6.705E-04 -6.810E-04 -6.855E-04 -6.880E-04 -6.900E-04 -6.920E-04 -6.940E-04 -6.960E-04 -6.975E-04 -6.990E-04 -7.005E-04 -7.020E-04 -7.030E-04 -7.040E-04 -7.050E-04 -7.055E-04 -7.060E-04 -7.065E-04 -7.070E-04 -7.075E-04 -7.075E-04 -7.080E-04 -7.080E-04 -7.085E-04 -7.085E-04 -7.085E-04 -7.085E-04 -7.085E-04 -7.090E-04 -7.090E-04 -7.090E-04 -7.090E-04 -7.090E-04 -7.090E-04 -7.085E-04 -7.085E-04 -7.085E-04 -7.085E-04 -7.085E-04 -7.090E-04 -7.090E-04 -7.090E-04 -7.090E-04 -7.090E-04 -7.090E-04 -7.085E-04 -7.085E-04 -7.085E-04 -7.085E-04 -7.085E-04 -7.080E-04 -7.080E-04 -7.075E-04 -7.075E-04 -7.070E-04 -7.065E-04 -7.060E-04 -7.055E-04 -7.050E-04 -7.040E-04 -7.030E-04 -7.020E-04 -7.005E-04 -6.990E-04 -6.975E-04 -6.960E-04 -6.940E-04 -6.920E-04 -6.900E-04 -6.880E-04 -6.855E-04 -6.810E-04 -6.705E-04 -6.455E-04 -5.905E-04 -4.884E-04 -3.460E-04 
+0.00097500 -2.054E-04 -2.872E-04 -3.518E-04 -3.915E-04 -4.121E-04 -4.217E-04 -4.263E-04 -4.288E-04 -4.306E-04 -4.321E-04 -4.335E-04 -4.349E-04 -4.362E-04 -4.373E-04 -4.383E-04 -4.392E-04 -4.399E-04 -4.406E-04 -4.412E-04 -4.416E-04 -4.420E-04 -4.423E-04 -4.426E-04 -4.428E-04 -4.430E-04 -4.432E-04 -4.433E-04 -4.434E-04 -4.435E-04 -4.436E-04 -4.436E-04 -4.437E-04 -4.437E-04 -4.437E-04 -4.438E-04 -4.438E-04 -4.438E-04 -4.437E-04 -4.437E-04 -4.436E-04 -4.436E-04 -4.436E-04 -4.437E-04 -4.437E-04 -4.438E-04 -4.438E-04 -4.438E-04 -4.437E-04 -4.437E-04 -4.437E-04 -4.436E-04 -4.436E-04 -4.435E-04 -4.434E-04 -4.433E-04 -4.432E-04 -4.430E-04 -4.428E-04 -4.426E-04 -4.423E-04 -4.420E-04 -4.416E-04 -4.412E-04 -4.406E-04 -4.399E-04 -4.392E-04 -4.383E-04 -4.373E-04 -4.362E-04 -4.349E-04 -4.335E-04 -4.321E-04 -4.306E-04 -4.288E-04 -4.263E-04 -4.217E-04 -4.121E-04 -3.915E-04 -3.518E-04 -2.872E-04 -2.054E-04 
+0.00048750 -8.460E-05 -1.176E-04 -1.449E-04 -1.629E-04 -1.727E-04 -1.777E-04 -1.801E-04 -1.813E-04 -1.823E-04 -1.830E-04 -1.836E-04 -1.843E-04 -1.848E-04 -1.854E-04 -1.858E-04 -1.862E-04 -1.865E-04 -1.868E-04 -1.870E-04 -1.872E-04 -1.875E-04 -1.876E-04 -1.877E-04 -1.878E-04 -1.879E-04 -1.879E-04 -1.880E-04 -1.880E-04 -1.881E-04 -1.881E-04 -1.881E-04 -1.881E-04 -1.881E-04 -1.882E-04 -1.882E-04 -1.882E-04 -1.882E-04 -1.882E-04 -1.881E-04 -1.881E-04 -1.881E-04 -1.881E-04 -1.881E-04 -1.882E-04 -1.882E-04 -1.882E-04 -1.882E-04 -1.882E-04 -1.881E-04 -1.881E-04 -1.881E-04 -1.881E-04 -1.881E-04 -1.880E-04 -1.880E-04 -1.879E-04 -1.879E-04 -1.878E-04 -1.877E-04 -1.876E-04 -1.875E-04 -1.872E-04 -1.870E-04 -1.868E-04 -1.865E-04 -1.862E-04 -1.858E-04 -1.854E-04 -1.848E-04 -1.843E-04 -1.836E-04 -1.830E-04 -1.823E-04 -1.813E-04 -1.801E-04 -1.777E-04 -1.727E-04 -1.629E-04 -1.449E-04 -1.176E-04 -8.460E-05 
+0.00000000 +0.000E+00 +0.000E+00 +0.000E+00 +0.000E+00 +0.000E+00 +0.000E+00 +0.000E+00 +0.000E+00 +0.000E+00 +0.000E+00 +0.000E+00 +0.000E+00 +0.000E+00 +0.000E+00 +0.000E+00 +0.000E+00 +0.000E+00 +0.000E+00 +0.000E+00 +0.000E+00 +0.000E+00 +0.000E+00 +0.000E+00 +0.000E+00 +0.000E+00 +0.000E+00 +0.000E+00 +0.000E+00 +0.000E+00 +0.000E+00 +0.000E+00 +0.000E+00 +0.000E+00 +0.000E+00 +0.000E+00 +0.000E+00 +0.000E+00 +0.000E+00 +0.000E+00 +0.000E+00 +0.000E+00 +0.000E+00 +0.000E+00 +0.000E+00 +0.000E+00 +0.000E+00 +0.000E+00 +0.000E+00 +0.000E+00 +0.000E+00 +0.000E+00 +0.000E+00 +0.000E+00 +0.000E+00 +0.000E+00 +0.000E+00 +0.000E+00 +0.000E+00 +0.000E+00 +0.000E+00 +0.000E+00 +0.000E+00 +0.000E+00 +0.000E+00 +0.000E+00 +0.000E+00 +0.000E+00 +0.000E+00 +0.000E+00 +0.000E+00 +0.000E+00 +0.000E+00 +0.000E+00 +0.000E+00 +0.000E+00 +0.000E+00 +0.000E+00 +0.000E+00 +0.000E+00 +0.000E+00 +0.000E+00 
-0.00048750 +8.460E-05 +1.176E-04 +1.449E-04 +1.629E-04 +1.727E-04 +1.777E-04 +1.801E-04 +1.813E-04 +1.823E-04 +1.830E-04 +1.836E-04 +1.843E-04 +1.848E-04 +1.854E-04 +1.858E-04 +1.862E-04 +1.865E-04 +1.868E-04 +1.870E-04 +1.872E-04 +1.875E-04 +1.876E-04 +1.877E-04 +1.878E-04 +1.879E-04 +1.879E-04 +1.880E-04 +1.880E-04 +1.881E-04 +1.881E-04 +1.881E-04 +1.881E-04 +1.881E-04 +1.882E-04 +1.882E-04 +1.882E-04 +1.882E-04 +1.882E-04 +1.881E-04 +1.881E-04 +1.881E-04 +1.881E-04 +1.881E-04 +1.882E-04 +1.882E-04 +1.882E-04 +1.882E-04 +1.882E-04 +1.881E-04 +1.881E-04 +1.881E-04 +1.881E-04 +1.881E-04 +1.880E-04 +1.880E-04 +1.879E-04 +1.879E-04 +1.878E-04 +1.877E-04 +1.876E-04 +1.875E-04 +1.872E-04 +1.870E-04 +1.868E-04 +1.865E-04 +1.862E-04 +1.858E-04 +1.854E-04 +1.848E-04 +1.843E-04 +1.836E-04 +1.830E-04 +1.823E-04 +1.813E-04 +1.801E-04 +1.777E-04 +1.727E-04 +1.629E-04 +1.449E-04 +1.176E-04 +8.460E-05 
-0.00097500 +2.054E-04 +2.872E-04 +3.518E-04 +3.915E-04 +4.121E-04 +4.217E-04 +4.263E-04 +4.288E-04 +4.306E-04 +4.321E-04 +4.335E-04 +4.349E-04 +4.362E-04 +4.373E-04 +4.383E-04 +4.392E-04 +4.399E-04 +4.406E-04 +4.412E-04 +4.416E-04 +4.420E-04 +4.423E-04 +4.426E-04 +4.428E-04 +4.430E-04 +4.432E-04 +4.433E-04 +4.434E-04 +4.435E-04 +4.436E-04 +4.436E-04 +4.437E-04 +4.437E-04 +4.437E-04 +4.438E-04 +4.438E-04 +4.438E-04 +4.437E-04 +4.437E-04 +4.436E-04 +4.436E-04 +4.436E-04 +4.437E-04 +4.437E-04 +4.438E-04 +4.438E-04 +4.438E-04 +4.437E-04 +4.437E-04 +4.437E-04 +4.436E-04 +4.436E-04 +4.435E-04 +4.434E-04 +4.433E-04 +4.432E-04 +4.430E-04 +4.428E-04 +4.426E-04 +4.423E-04 +4.420E-04 +4.416E-04 +4.412E-04 +4.406E-04 +4.399E-04 +4.392E-04 +4.383E-04 +4.373E-04 +4.362E-04 +4.349E-04 +4.335E-04 +4.321E-04 +4.306E-04 +4.288E-04 +4.263E-04 +4.217E-04 +4.121E-04 +3.915E-04 +3.518E-04 +2.872E-04 +2.054E-04 
-0.00146250 +3.460E-04 +4.884E-04 +5.905E-04 +6.455E-04 +6.705E-04 +6.810E-04 +6.855E-04 +6.880E-04 +6.900E-04 +6.920E-04 +6.940E-04 +6.960E-04 +6.975E-04 +6.990E-04 +7.005E-04 +7.020E-04 +7.030E-04 +7.040E-04 +7.050E-04 +7.055E-04 +7.060E-04 +7.065E-04 +7.070E-04 +7.075E-04 +7.075E-04 +7.080E-04 +7.080E-04 +7.085E-04 +7.085E-04 +7.085E-04 +7.085E-04 +7.085E-04 +7.090E-04 +7.090E-04 +7.090E-04 +7.090E-04 +7.090E-04 +7.090E-04 +7.085E-04 +7.085E-04 +7.085E-04 +7.085E-04 +7.085E-04 +7.090E-04 +7.090E-04 +7.090E-04 +7.090E-04 +7.090E-04 +7.090E-04 +7.085E-04 +7.085E-04 +7.085E-04 +7.085E-04 +7.085E-04 +7.080E-04 +7.080E-04 +7.075E-04 +7.075E-04 +7.070E-04 +7.065E-04 +7.060E-04 +7.055E-04 +7.050E-04 +7.040E-04 +7.030E-04 +7.020E-04 +7.005E-04 +6.990E-04 +6.975E-04 +6.960E-04 +6.940E-04 +6.920E-04 +6.900E-04 +6.880E-04 +6.855E-04 +6.810E-04 +6.705E-04 +6.455E-04 +5.905E-04 +4.884E-04 +3.460E-04 
-0.00195000 +5.400E-04 +7.710E-04 +9.070E-04 +9.640E-04 +9.835E-04 +9.890E-04 +9.905E-04 +9.915E-04 +9.930E-04 +9.950E-04 +9.970E-04 +9.990E-04 +1.002E-03 +1.004E-03 +1.006E-03 +1.007E-03 +1.009E-03 +1.009E-03 +1.011E-03 +1.012E-03 +1.012E-03 +1.013E-03 +1.014E-03 +1.014E-03 +1.014E-03 +1.015E-03 +1.015E-03 +1.015E-03 +1.015E-03 +1.015E-03 +1.015E-03 +1.016E-03 +1.016E-03 +1.016E-03 +1.016E-03 +1.016E-03 +1.016E-03 +1.016E-03 +1.016E-03 +1.015E-03 +1.015E-03 +1.015E-03 +1.016E-03 +1.016E-03 +1.016E-03 +1.016E-03 +1.016E-03 +1.016E-03 +1.016E-03 +1.016E-03 +1.015E-03 +1.015E-03 +1.015E-03 +1.015E-03 +1.015E-03 +1.015E-03 +1.014E-03 +1.014E-03 +1.014E-03 +1.013E-03 +1.012E-03 +1.012E-03 +1.011E-03 +1.009E-03 +1.009E-03 +1.007E-03 +1.006E-03 +1.004E-03 +1.002E-03 +9.990E-04 +9.970E-04 +9.950E-04 +9.930E-04 +9.915E-04 +9.905E-04 +9.890E-04 +9.835E-04 +9.640E-04 +9.070E-04 +7.710E-04 +5.400E-04 
-0.00243750 +8.400E-04 +1.210E-03 +1.349E-03 +1.375E-03 +1.373E-03 +1.367E-03 +1.362E-03 +1.359E-03 +1.359E-03 +1.360E-03 +1.362E-03 +1.364E-03 +1.367E-03 +1.369E-03 +1.372E-03 +1.373E-03 +1.375E-03 +1.376E-03 +1.378E-03 +1.379E-03 +1.380E-03 +1.380E-03 +1.381E-03 +1.382E-03 +1.383E-03 +1.383E-03 +1.383E-03 +1.383E-03 +1.383E-03 +1.383E-03 +1.384E-03 +1.384E-03 +1.384E-03 +1.384E-03 +1.384E-03 +1.385E-03 +1.385E-03 +1.384E-03 +1.384E-03 +1.383E-03 +1.383E-03 +1.383E-03 +1.384E-03 +1.384E-03 +1.385E-03 +1.385E-03 +1.384E-03 +1.384E-03 +1.384E-03 +1.384E-03 +1.384E-03 +1.383E-03 +1.383E-03 +1.383E-03 +1.383E-03 +1.383E-03 +1.383E-03 +1.382E-03 +1.381E-03 +1.380E-03 +1.380E-03 +1.379E-03 +1.378E-03 +1.376E-03 +1.375E-03 +1.373E-03 +1.372E-03 +1.369E-03 +1.367E-03 +1.364E-03 +1.362E-03 +1.360E-03 +1.359E-03 +1.359E-03 +1.362E-03 +1.367E-03 +1.373E-03 +1.375E-03 +1.349E-03 +1.210E-03 +8.400E-04 
-0.00292500 +1.378E-03 +1.963E-03 +1.967E-03 +1.904E-03 +1.860E-03 +1.833E-03 +1.818E-03 +1.811E-03 +1.808E-03 +1.808E-03 +1.809E-03 +1.811E-03 +1.814E-03 +1.816E-03 +1.819E-03 +1.821E-03 +1.823E-03 +1.824E-03 +1.826E-03 +1.827E-03 +1.829E-03 +1.829E-03 +1.831E-03 +1.831E-03 +1.832E-03 +1.832E-03 +1.832E-03 +1.832E-03 +1.833E-03 +1.833E-03 +1.834E-03 +1.834E-03 +1.834E-03 +1.834E-03 +1.834E-03 +1.834E-03 +1.834E-03 +1.834E-03 +1.834E-03 +1.833E-03 +1.832E-03 +1.833E-03 +1.834E-03 +1.834E-03 +1.834E-03 +1.834E-03 +1.834E-03 +1.834E-03 +1.834E-03 +1.834E-03 +1.834E-03 +1.833E-03 +1.833E-03 +1.832E-03 +1.832E-03 +1.832E-03 +1.832E-03 +1.831E-03 +1.831E-03 +1.829E-03 +1.829E-03 +1.827E-03 +1.826E-03 +1.824E-03 +1.823E-03 +1.821E-03 +1.819E-03 +1.816E-03 +1.814E-03 +1.811E-03 +1.809E-03 +1.808E-03 +1.808E-03 +1.811E-03 +1.818E-03 +1.833E-03 +1.860E-03 +1.904E-03 +1.967E-03 +1.963E-03 +1.378E-03 
-0.00341250 +3.331E-03 +3.287E-03 +2.824E-03 +2.615E-03 +2.514E-03 +2.463E-03 +2.437E-03 +2.425E-03 +2.419E-03 +2.417E-03 +2.418E-03 +2.420E-03 +2.423E-03 +2.426E-03 +2.428E-03 +2.430E-03 +2.433E-03 +2.435E-03 +2.436E-03 +2.438E-03 +2.439E-03 +2.440E-03 +2.441E-03 +2.442E-03 +2.442E-03 +2.443E-03 +2.443E-03 +2.444E-03 +2.444E-03 +2.445E-03 +2.445E-03 +2.445E-03 +2.445E-03 +2.445E-03 +2.445E-03 +2.446E-03 +2.446E-03 +2.446E-03 +2.446E-03 +2.446E-03 +2.426E-03 +2.446E-03 +2.446E-03 +2.446E-03 +2.446E-03 +2.446E-03 +2.445E-03 +2.445E-03 +2.445E-03 +2.445E-03 +2.445E-03 +2.445E-03 +2.444E-03 +2.444E-03 +2.443E-03 +2.443E-03 +2.442E-03 +2.442E-03 +2.441E-03 +2.440E-03 +2.439E-03 +2.438E-03 +2.436E-03 +2.435E-03 +2.433E-03 +2.430E-03 +2.428E-03 +2.426E-03 +2.423E-03 +2.420E-03 +2.418E-03 +2.417E-03 +2.419E-03 +2.425E-03 +2.437E-03 +2.463E-03 +2.514E-03 +2.615E-03 +2.824E-03 +3.287E-03 +3.331E-03 
-0.00390000 +8.610E-03 +5.025E-03 +3.802E-03 +3.429E-03 +3.274E-03 +3.200E-03 +3.164E-03 +3.145E-03 +3.137E-03 +3.135E-03 +3.135E-03 +3.137E-03 +3.139E-03 +3.142E-03 +3.145E-03 +3.148E-03 +3.151E-03 +3.153E-03 +3.155E-03 +3.157E-03 +3.158E-03 +3.159E-03 +3.161E-03 +3.161E-03 +3.162E-03 +3.163E-03 +3.164E-03 +3.164E-03 +3.164E-03 +3.165E-03 +3.165E-03 +3.165E-03 +3.165E-03 +3.165E-03 +3.165E-03 +3.165E-03 +3.165E-03 +3.166E-03 +3.166E-03 +3.168E-03 +3.105E-03 +3.168E-03 +3.166E-03 +3.166E-03 +3.165E-03 +3.165E-03 +3.165E-03 +3.165E-03 +3.165E-03 +3.165E-03 +3.165E-03 +3.165E-03 +3.164E-03 +3.164E-03 +3.164E-03 +3.163E-03 +3.162E-03 +3.161E-03 +3.161E-03 +3.159E-03 +3.158E-03 +3.157E-03 +3.155E-03 +3.153E-03 +3.151E-03 +3.148E-03 +3.145E-03 +3.142E-03 +3.139E-03 +3.137E-03 +3.135E-03 +3.135E-03 +3.137E-03 +3.145E-03 +3.164E-03 +3.200E-03 +3.274E-03 +3.429E-03 +3.802E-03 +5.025E-03 +8.610E-03 
