# ipe_kicktable KICKMAP
# Author: lnls_at2tracy @ LNLS, Date: 27-Jun-2014 21:23:29
# ID Length [m]
2.7000000000E+00
# Number of Horizontal Points
81
# Number of Vertical Points
17
# Horizontal KickTable in T2m2
START
            -0.03000000 -0.02925000 -0.02850000 -0.02775000 -0.02700000 -0.02625000 -0.02550000 -0.02475000 -0.02400000 -0.02325000 -0.02250000 -0.02175000 -0.02100000 -0.02025000 -0.01950000 -0.01875000 -0.01800000 -0.01725000 -0.01650000 -0.01575000 -0.01500000 -0.01425000 -0.01350000 -0.01275000 -0.01200000 -0.01125000 -0.01050000 -0.00975000 -0.00900000 -0.00825000 -0.00750000 -0.00675000 -0.00600000 -0.00525000 -0.00450000 -0.00375000 -0.00300000 -0.00225000 -0.00150000 -0.00075000 +0.00000000 +0.00075000 +0.00150000 +0.00225000 +0.00300000 +0.00375000 +0.00450000 +0.00525000 +0.00600000 +0.00675000 +0.00750000 +0.00825000 +0.00900000 +0.00975000 +0.01050000 +0.01125000 +0.01200000 +0.01275000 +0.01350000 +0.01425000 +0.01500000 +0.01575000 +0.01650000 +0.01725000 +0.01800000 +0.01875000 +0.01950000 +0.02025000 +0.02100000 +0.02175000 +0.02250000 +0.02325000 +0.02400000 +0.02475000 +0.02550000 +0.02625000 +0.02700000 +0.02775000 +0.02850000 +0.02925000 +0.03000000 
+0.00725000 -1.250E-03 -1.190E-03 -1.124E-03 -1.059E-03 -9.970E-04 -9.365E-04 -8.785E-04 -8.225E-04 -7.695E-04 -7.190E-04 -6.715E-04 -6.265E-04 -5.835E-04 -5.435E-04 -5.055E-04 -4.699E-04 -4.363E-04 -4.047E-04 -3.751E-04 -3.473E-04 -3.210E-04 -2.963E-04 -2.730E-04 -2.512E-04 -2.305E-04 -2.110E-04 -1.924E-04 -1.749E-04 -1.582E-04 -1.423E-04 -1.271E-04 -1.125E-04 -9.850E-05 -8.495E-05 -7.175E-05 -5.880E-05 -4.583E-05 -3.239E-05 -1.298E-05 +1.979E-06 +0.000E+00 -1.979E-06 +1.298E-05 +3.239E-05 +4.583E-05 +5.880E-05 +7.175E-05 +8.495E-05 +9.850E-05 +1.125E-04 +1.271E-04 +1.423E-04 +1.582E-04 +1.749E-04 +1.924E-04 +2.110E-04 +2.305E-04 +2.512E-04 +2.730E-04 +2.963E-04 +3.210E-04 +3.473E-04 +3.751E-04 +4.047E-04 +4.363E-04 +4.699E-04 +5.055E-04 +5.435E-04 +5.835E-04 +6.265E-04 +6.715E-04 +7.190E-04 +7.695E-04 +8.225E-04 +8.785E-04 +9.365E-04 +9.970E-04 +1.059E-03 +1.124E-03 +1.190E-03 +1.250E-03 
+0.00634375 -1.349E-03 -1.274E-03 -1.194E-03 -1.118E-03 -1.045E-03 -9.765E-04 -9.115E-04 -8.500E-04 -7.925E-04 -7.380E-04 -6.865E-04 -6.385E-04 -5.935E-04 -5.515E-04 -5.120E-04 -4.749E-04 -4.401E-04 -4.077E-04 -3.772E-04 -3.486E-04 -3.219E-04 -2.968E-04 -2.732E-04 -2.510E-04 -2.302E-04 -2.104E-04 -1.918E-04 -1.742E-04 -1.575E-04 -1.415E-04 -1.264E-04 -1.118E-04 -9.780E-05 -8.425E-05 -7.105E-05 -5.810E-05 -4.519E-05 -3.202E-05 -1.846E-05 -6.180E-06 +0.000E+00 +6.180E-06 +1.846E-05 +3.202E-05 +4.519E-05 +5.810E-05 +7.105E-05 +8.425E-05 +9.780E-05 +1.118E-04 +1.264E-04 +1.415E-04 +1.575E-04 +1.742E-04 +1.918E-04 +2.104E-04 +2.302E-04 +2.510E-04 +2.732E-04 +2.968E-04 +3.219E-04 +3.486E-04 +3.772E-04 +4.077E-04 +4.401E-04 +4.749E-04 +5.120E-04 +5.515E-04 +5.935E-04 +6.385E-04 +6.865E-04 +7.380E-04 +7.925E-04 +8.500E-04 +9.115E-04 +9.765E-04 +1.045E-03 +1.118E-03 +1.194E-03 +1.274E-03 +1.349E-03 
+0.00543750 -1.432E-03 -1.345E-03 -1.254E-03 -1.167E-03 -1.087E-03 -1.012E-03 -9.405E-04 -8.740E-04 -8.120E-04 -7.540E-04 -7.000E-04 -6.495E-04 -6.025E-04 -5.585E-04 -5.175E-04 -4.791E-04 -4.434E-04 -4.101E-04 -3.789E-04 -3.498E-04 -3.226E-04 -2.971E-04 -2.733E-04 -2.508E-04 -2.298E-04 -2.100E-04 -1.912E-04 -1.735E-04 -1.568E-04 -1.409E-04 -1.257E-04 -1.112E-04 -9.720E-05 -8.370E-05 -7.060E-05 -5.780E-05 -4.520E-05 -3.277E-05 -2.068E-05 -8.635E-06 +0.000E+00 +8.635E-06 +2.068E-05 +3.277E-05 +4.520E-05 +5.780E-05 +7.060E-05 +8.370E-05 +9.720E-05 +1.112E-04 +1.257E-04 +1.409E-04 +1.568E-04 +1.735E-04 +1.912E-04 +2.100E-04 +2.298E-04 +2.508E-04 +2.733E-04 +2.971E-04 +3.226E-04 +3.498E-04 +3.789E-04 +4.101E-04 +4.434E-04 +4.791E-04 +5.175E-04 +5.585E-04 +6.025E-04 +6.495E-04 +7.000E-04 +7.540E-04 +8.120E-04 +8.740E-04 +9.405E-04 +1.012E-03 +1.087E-03 +1.167E-03 +1.254E-03 +1.345E-03 +1.432E-03 
+0.00453125 -1.499E-03 -1.404E-03 -1.303E-03 -1.209E-03 -1.122E-03 -1.040E-03 -9.645E-04 -8.940E-04 -8.285E-04 -7.675E-04 -7.110E-04 -6.585E-04 -6.095E-04 -5.640E-04 -5.220E-04 -4.825E-04 -4.460E-04 -4.120E-04 -3.802E-04 -3.506E-04 -3.231E-04 -2.973E-04 -2.731E-04 -2.506E-04 -2.294E-04 -2.094E-04 -1.906E-04 -1.730E-04 -1.562E-04 -1.402E-04 -1.251E-04 -1.106E-04 -9.665E-05 -8.325E-05 -7.025E-05 -5.765E-05 -4.530E-05 -3.324E-05 -2.148E-05 -9.250E-06 +0.000E+00 +9.250E-06 +2.148E-05 +3.324E-05 +4.530E-05 +5.765E-05 +7.025E-05 +8.325E-05 +9.665E-05 +1.106E-04 +1.251E-04 +1.402E-04 +1.562E-04 +1.730E-04 +1.906E-04 +2.094E-04 +2.294E-04 +2.506E-04 +2.731E-04 +2.973E-04 +3.231E-04 +3.506E-04 +3.802E-04 +4.120E-04 +4.460E-04 +4.825E-04 +5.220E-04 +5.640E-04 +6.095E-04 +6.585E-04 +7.110E-04 +7.675E-04 +8.285E-04 +8.940E-04 +9.645E-04 +1.040E-03 +1.122E-03 +1.209E-03 +1.303E-03 +1.404E-03 +1.499E-03 
+0.00362500 -1.551E-03 -1.449E-03 -1.342E-03 -1.242E-03 -1.149E-03 -1.063E-03 -9.840E-04 -9.105E-04 -8.420E-04 -7.785E-04 -7.200E-04 -6.655E-04 -6.155E-04 -5.685E-04 -5.255E-04 -4.853E-04 -4.480E-04 -4.134E-04 -3.813E-04 -3.513E-04 -3.234E-04 -2.973E-04 -2.730E-04 -2.503E-04 -2.290E-04 -2.090E-04 -1.901E-04 -1.724E-04 -1.556E-04 -1.397E-04 -1.245E-04 -1.101E-04 -9.625E-05 -8.290E-05 -7.000E-05 -5.750E-05 -4.534E-05 -3.344E-05 -2.177E-05 -9.445E-06 +0.000E+00 +9.445E-06 +2.177E-05 +3.344E-05 +4.534E-05 +5.750E-05 +7.000E-05 +8.290E-05 +9.625E-05 +1.101E-04 +1.245E-04 +1.397E-04 +1.556E-04 +1.724E-04 +1.901E-04 +2.090E-04 +2.290E-04 +2.503E-04 +2.730E-04 +2.973E-04 +3.234E-04 +3.513E-04 +3.813E-04 +4.134E-04 +4.480E-04 +4.853E-04 +5.255E-04 +5.685E-04 +6.155E-04 +6.655E-04 +7.200E-04 +7.785E-04 +8.420E-04 +9.105E-04 +9.840E-04 +1.063E-03 +1.149E-03 +1.242E-03 +1.342E-03 +1.449E-03 +1.551E-03 
+0.00271875 -1.587E-03 -1.482E-03 -1.370E-03 -1.267E-03 -1.171E-03 -1.081E-03 -9.990E-04 -9.225E-04 -8.520E-04 -7.870E-04 -7.270E-04 -6.710E-04 -6.200E-04 -5.720E-04 -5.280E-04 -4.874E-04 -4.496E-04 -4.145E-04 -3.819E-04 -3.517E-04 -3.235E-04 -2.973E-04 -2.729E-04 -2.500E-04 -2.287E-04 -2.086E-04 -1.897E-04 -1.720E-04 -1.552E-04 -1.392E-04 -1.241E-04 -1.097E-04 -9.590E-05 -8.260E-05 -6.980E-05 -5.740E-05 -4.532E-05 -3.350E-05 -2.187E-05 -9.505E-06 +0.000E+00 +9.505E-06 +2.187E-05 +3.350E-05 +4.532E-05 +5.740E-05 +6.980E-05 +8.260E-05 +9.590E-05 +1.097E-04 +1.241E-04 +1.392E-04 +1.552E-04 +1.720E-04 +1.897E-04 +2.086E-04 +2.287E-04 +2.500E-04 +2.729E-04 +2.973E-04 +3.235E-04 +3.517E-04 +3.819E-04 +4.145E-04 +4.496E-04 +4.874E-04 +5.280E-04 +5.720E-04 +6.200E-04 +6.710E-04 +7.270E-04 +7.870E-04 +8.520E-04 +9.225E-04 +9.990E-04 +1.081E-03 +1.171E-03 +1.267E-03 +1.370E-03 +1.482E-03 +1.587E-03 
+0.00181250 -1.612E-03 -1.504E-03 -1.390E-03 -1.283E-03 -1.185E-03 -1.094E-03 -1.009E-03 -9.315E-04 -8.595E-04 -7.930E-04 -7.315E-04 -6.750E-04 -6.230E-04 -5.745E-04 -5.300E-04 -4.888E-04 -4.505E-04 -4.152E-04 -3.824E-04 -3.520E-04 -3.236E-04 -2.973E-04 -2.727E-04 -2.498E-04 -2.283E-04 -2.082E-04 -1.894E-04 -1.716E-04 -1.548E-04 -1.389E-04 -1.238E-04 -1.094E-04 -9.565E-05 -8.240E-05 -6.965E-05 -5.730E-05 -4.528E-05 -3.350E-05 -2.189E-05 -9.525E-06 +0.000E+00 +9.525E-06 +2.189E-05 +3.350E-05 +4.528E-05 +5.730E-05 +6.965E-05 +8.240E-05 +9.565E-05 +1.094E-04 +1.238E-04 +1.389E-04 +1.548E-04 +1.716E-04 +1.894E-04 +2.082E-04 +2.283E-04 +2.498E-04 +2.727E-04 +2.973E-04 +3.236E-04 +3.520E-04 +3.824E-04 +4.152E-04 +4.505E-04 +4.888E-04 +5.300E-04 +5.745E-04 +6.230E-04 +6.750E-04 +7.315E-04 +7.930E-04 +8.595E-04 +9.315E-04 +1.009E-03 +1.094E-03 +1.185E-03 +1.283E-03 +1.390E-03 +1.504E-03 +1.612E-03 
+0.00090625 -1.626E-03 -1.517E-03 -1.401E-03 -1.293E-03 -1.193E-03 -1.101E-03 -1.015E-03 -9.365E-04 -8.635E-04 -7.965E-04 -7.345E-04 -6.775E-04 -6.245E-04 -5.760E-04 -5.310E-04 -4.896E-04 -4.511E-04 -4.156E-04 -3.827E-04 -3.521E-04 -3.237E-04 -2.972E-04 -2.726E-04 -2.497E-04 -2.282E-04 -2.081E-04 -1.892E-04 -1.714E-04 -1.546E-04 -1.387E-04 -1.236E-04 -1.092E-04 -9.550E-05 -8.230E-05 -6.955E-05 -5.725E-05 -4.524E-05 -3.349E-05 -2.189E-05 -9.530E-06 +0.000E+00 +9.530E-06 +2.189E-05 +3.349E-05 +4.524E-05 +5.725E-05 +6.955E-05 +8.230E-05 +9.550E-05 +1.092E-04 +1.236E-04 +1.387E-04 +1.546E-04 +1.714E-04 +1.892E-04 +2.081E-04 +2.282E-04 +2.497E-04 +2.726E-04 +2.972E-04 +3.237E-04 +3.521E-04 +3.827E-04 +4.156E-04 +4.511E-04 +4.896E-04 +5.310E-04 +5.760E-04 +6.245E-04 +6.775E-04 +7.345E-04 +7.965E-04 +8.635E-04 +9.365E-04 +1.015E-03 +1.101E-03 +1.193E-03 +1.293E-03 +1.401E-03 +1.517E-03 +1.626E-03 
+0.00000000 -1.631E-03 -1.520E-03 -1.404E-03 -1.297E-03 -1.197E-03 -1.104E-03 -1.017E-03 -9.385E-04 -8.650E-04 -7.975E-04 -7.355E-04 -6.780E-04 -6.255E-04 -5.765E-04 -5.315E-04 -4.899E-04 -4.513E-04 -4.157E-04 -3.828E-04 -3.522E-04 -3.237E-04 -2.972E-04 -2.726E-04 -2.497E-04 -2.281E-04 -2.080E-04 -1.891E-04 -1.713E-04 -1.545E-04 -1.387E-04 -1.235E-04 -1.092E-04 -9.545E-05 -8.225E-05 -6.955E-05 -5.720E-05 -4.523E-05 -3.349E-05 -2.189E-05 -9.530E-06 +0.000E+00 +9.530E-06 +2.189E-05 +3.349E-05 +4.523E-05 +5.720E-05 +6.955E-05 +8.225E-05 +9.545E-05 +1.092E-04 +1.235E-04 +1.387E-04 +1.545E-04 +1.713E-04 +1.891E-04 +2.080E-04 +2.281E-04 +2.497E-04 +2.726E-04 +2.972E-04 +3.237E-04 +3.522E-04 +3.828E-04 +4.157E-04 +4.513E-04 +4.899E-04 +5.315E-04 +5.765E-04 +6.255E-04 +6.780E-04 +7.355E-04 +7.975E-04 +8.650E-04 +9.385E-04 +1.017E-03 +1.104E-03 +1.197E-03 +1.297E-03 +1.404E-03 +1.520E-03 +1.631E-03 
-0.00090625 -1.626E-03 -1.517E-03 -1.401E-03 -1.293E-03 -1.193E-03 -1.101E-03 -1.015E-03 -9.365E-04 -8.635E-04 -7.965E-04 -7.345E-04 -6.775E-04 -6.245E-04 -5.760E-04 -5.310E-04 -4.896E-04 -4.511E-04 -4.156E-04 -3.827E-04 -3.521E-04 -3.237E-04 -2.972E-04 -2.726E-04 -2.497E-04 -2.282E-04 -2.081E-04 -1.892E-04 -1.714E-04 -1.546E-04 -1.387E-04 -1.236E-04 -1.092E-04 -9.550E-05 -8.230E-05 -6.955E-05 -5.725E-05 -4.524E-05 -3.349E-05 -2.189E-05 -9.530E-06 +0.000E+00 +9.530E-06 +2.189E-05 +3.349E-05 +4.524E-05 +5.725E-05 +6.955E-05 +8.230E-05 +9.550E-05 +1.092E-04 +1.236E-04 +1.387E-04 +1.546E-04 +1.714E-04 +1.892E-04 +2.081E-04 +2.282E-04 +2.497E-04 +2.726E-04 +2.972E-04 +3.237E-04 +3.521E-04 +3.827E-04 +4.156E-04 +4.511E-04 +4.896E-04 +5.310E-04 +5.760E-04 +6.245E-04 +6.775E-04 +7.345E-04 +7.965E-04 +8.635E-04 +9.365E-04 +1.015E-03 +1.101E-03 +1.193E-03 +1.293E-03 +1.401E-03 +1.517E-03 +1.626E-03 
-0.00181250 -1.612E-03 -1.504E-03 -1.390E-03 -1.283E-03 -1.185E-03 -1.094E-03 -1.009E-03 -9.315E-04 -8.595E-04 -7.930E-04 -7.315E-04 -6.750E-04 -6.230E-04 -5.745E-04 -5.300E-04 -4.888E-04 -4.505E-04 -4.152E-04 -3.824E-04 -3.520E-04 -3.236E-04 -2.973E-04 -2.727E-04 -2.498E-04 -2.283E-04 -2.082E-04 -1.894E-04 -1.716E-04 -1.548E-04 -1.389E-04 -1.238E-04 -1.094E-04 -9.565E-05 -8.240E-05 -6.965E-05 -5.730E-05 -4.528E-05 -3.350E-05 -2.189E-05 -9.525E-06 +0.000E+00 +9.525E-06 +2.189E-05 +3.350E-05 +4.528E-05 +5.730E-05 +6.965E-05 +8.240E-05 +9.565E-05 +1.094E-04 +1.238E-04 +1.389E-04 +1.548E-04 +1.716E-04 +1.894E-04 +2.082E-04 +2.283E-04 +2.498E-04 +2.727E-04 +2.973E-04 +3.236E-04 +3.520E-04 +3.824E-04 +4.152E-04 +4.505E-04 +4.888E-04 +5.300E-04 +5.745E-04 +6.230E-04 +6.750E-04 +7.315E-04 +7.930E-04 +8.595E-04 +9.315E-04 +1.009E-03 +1.094E-03 +1.185E-03 +1.283E-03 +1.390E-03 +1.504E-03 +1.612E-03 
-0.00271875 -1.587E-03 -1.482E-03 -1.370E-03 -1.267E-03 -1.171E-03 -1.081E-03 -9.990E-04 -9.225E-04 -8.520E-04 -7.870E-04 -7.270E-04 -6.710E-04 -6.200E-04 -5.720E-04 -5.280E-04 -4.874E-04 -4.496E-04 -4.145E-04 -3.819E-04 -3.517E-04 -3.235E-04 -2.973E-04 -2.729E-04 -2.500E-04 -2.287E-04 -2.086E-04 -1.897E-04 -1.720E-04 -1.552E-04 -1.392E-04 -1.241E-04 -1.097E-04 -9.590E-05 -8.260E-05 -6.980E-05 -5.740E-05 -4.532E-05 -3.350E-05 -2.187E-05 -9.505E-06 +0.000E+00 +9.505E-06 +2.187E-05 +3.350E-05 +4.532E-05 +5.740E-05 +6.980E-05 +8.260E-05 +9.590E-05 +1.097E-04 +1.241E-04 +1.392E-04 +1.552E-04 +1.720E-04 +1.897E-04 +2.086E-04 +2.287E-04 +2.500E-04 +2.729E-04 +2.973E-04 +3.235E-04 +3.517E-04 +3.819E-04 +4.145E-04 +4.496E-04 +4.874E-04 +5.280E-04 +5.720E-04 +6.200E-04 +6.710E-04 +7.270E-04 +7.870E-04 +8.520E-04 +9.225E-04 +9.990E-04 +1.081E-03 +1.171E-03 +1.267E-03 +1.370E-03 +1.482E-03 +1.587E-03 
-0.00362500 -1.551E-03 -1.449E-03 -1.342E-03 -1.242E-03 -1.149E-03 -1.063E-03 -9.840E-04 -9.105E-04 -8.420E-04 -7.785E-04 -7.200E-04 -6.655E-04 -6.155E-04 -5.685E-04 -5.255E-04 -4.853E-04 -4.480E-04 -4.134E-04 -3.813E-04 -3.513E-04 -3.234E-04 -2.973E-04 -2.730E-04 -2.503E-04 -2.290E-04 -2.090E-04 -1.901E-04 -1.724E-04 -1.556E-04 -1.397E-04 -1.245E-04 -1.101E-04 -9.625E-05 -8.290E-05 -7.000E-05 -5.750E-05 -4.534E-05 -3.344E-05 -2.177E-05 -9.445E-06 +0.000E+00 +9.445E-06 +2.177E-05 +3.344E-05 +4.534E-05 +5.750E-05 +7.000E-05 +8.290E-05 +9.625E-05 +1.101E-04 +1.245E-04 +1.397E-04 +1.556E-04 +1.724E-04 +1.901E-04 +2.090E-04 +2.290E-04 +2.503E-04 +2.730E-04 +2.973E-04 +3.234E-04 +3.513E-04 +3.813E-04 +4.134E-04 +4.480E-04 +4.853E-04 +5.255E-04 +5.685E-04 +6.155E-04 +6.655E-04 +7.200E-04 +7.785E-04 +8.420E-04 +9.105E-04 +9.840E-04 +1.063E-03 +1.149E-03 +1.242E-03 +1.342E-03 +1.449E-03 +1.551E-03 
-0.00453125 -1.499E-03 -1.404E-03 -1.303E-03 -1.209E-03 -1.122E-03 -1.040E-03 -9.645E-04 -8.940E-04 -8.285E-04 -7.675E-04 -7.110E-04 -6.585E-04 -6.095E-04 -5.640E-04 -5.220E-04 -4.825E-04 -4.460E-04 -4.120E-04 -3.802E-04 -3.506E-04 -3.231E-04 -2.973E-04 -2.731E-04 -2.506E-04 -2.294E-04 -2.094E-04 -1.906E-04 -1.730E-04 -1.562E-04 -1.402E-04 -1.251E-04 -1.106E-04 -9.665E-05 -8.325E-05 -7.025E-05 -5.765E-05 -4.530E-05 -3.324E-05 -2.148E-05 -9.250E-06 +0.000E+00 +9.250E-06 +2.148E-05 +3.324E-05 +4.530E-05 +5.765E-05 +7.025E-05 +8.325E-05 +9.665E-05 +1.106E-04 +1.251E-04 +1.402E-04 +1.562E-04 +1.730E-04 +1.906E-04 +2.094E-04 +2.294E-04 +2.506E-04 +2.731E-04 +2.973E-04 +3.231E-04 +3.506E-04 +3.802E-04 +4.120E-04 +4.460E-04 +4.825E-04 +5.220E-04 +5.640E-04 +6.095E-04 +6.585E-04 +7.110E-04 +7.675E-04 +8.285E-04 +8.940E-04 +9.645E-04 +1.040E-03 +1.122E-03 +1.209E-03 +1.303E-03 +1.404E-03 +1.499E-03 
-0.00543750 -1.432E-03 -1.345E-03 -1.254E-03 -1.167E-03 -1.087E-03 -1.012E-03 -9.405E-04 -8.740E-04 -8.120E-04 -7.540E-04 -7.000E-04 -6.495E-04 -6.025E-04 -5.585E-04 -5.175E-04 -4.791E-04 -4.434E-04 -4.101E-04 -3.789E-04 -3.498E-04 -3.226E-04 -2.971E-04 -2.733E-04 -2.508E-04 -2.298E-04 -2.100E-04 -1.912E-04 -1.735E-04 -1.568E-04 -1.409E-04 -1.257E-04 -1.112E-04 -9.720E-05 -8.370E-05 -7.060E-05 -5.780E-05 -4.520E-05 -3.277E-05 -2.068E-05 -8.635E-06 +0.000E+00 +8.635E-06 +2.068E-05 +3.277E-05 +4.520E-05 +5.780E-05 +7.060E-05 +8.370E-05 +9.720E-05 +1.112E-04 +1.257E-04 +1.409E-04 +1.568E-04 +1.735E-04 +1.912E-04 +2.100E-04 +2.298E-04 +2.508E-04 +2.733E-04 +2.971E-04 +3.226E-04 +3.498E-04 +3.789E-04 +4.101E-04 +4.434E-04 +4.791E-04 +5.175E-04 +5.585E-04 +6.025E-04 +6.495E-04 +7.000E-04 +7.540E-04 +8.120E-04 +8.740E-04 +9.405E-04 +1.012E-03 +1.087E-03 +1.167E-03 +1.254E-03 +1.345E-03 +1.432E-03 
-0.00634375 -1.349E-03 -1.274E-03 -1.194E-03 -1.118E-03 -1.045E-03 -9.765E-04 -9.115E-04 -8.500E-04 -7.925E-04 -7.380E-04 -6.865E-04 -6.385E-04 -5.935E-04 -5.515E-04 -5.120E-04 -4.749E-04 -4.401E-04 -4.077E-04 -3.772E-04 -3.486E-04 -3.219E-04 -2.968E-04 -2.732E-04 -2.510E-04 -2.302E-04 -2.104E-04 -1.918E-04 -1.742E-04 -1.575E-04 -1.415E-04 -1.264E-04 -1.118E-04 -9.780E-05 -8.425E-05 -7.105E-05 -5.810E-05 -4.519E-05 -3.202E-05 -1.846E-05 -6.180E-06 +0.000E+00 +6.180E-06 +1.846E-05 +3.202E-05 +4.519E-05 +5.810E-05 +7.105E-05 +8.425E-05 +9.780E-05 +1.118E-04 +1.264E-04 +1.415E-04 +1.575E-04 +1.742E-04 +1.918E-04 +2.104E-04 +2.302E-04 +2.510E-04 +2.732E-04 +2.968E-04 +3.219E-04 +3.486E-04 +3.772E-04 +4.077E-04 +4.401E-04 +4.749E-04 +5.120E-04 +5.515E-04 +5.935E-04 +6.385E-04 +6.865E-04 +7.380E-04 +7.925E-04 +8.500E-04 +9.115E-04 +9.765E-04 +1.045E-03 +1.118E-03 +1.194E-03 +1.274E-03 +1.349E-03 
-0.00725000 -1.250E-03 -1.190E-03 -1.124E-03 -1.059E-03 -9.970E-04 -9.365E-04 -8.785E-04 -8.225E-04 -7.695E-04 -7.190E-04 -6.715E-04 -6.265E-04 -5.835E-04 -5.435E-04 -5.055E-04 -4.699E-04 -4.363E-04 -4.047E-04 -3.751E-04 -3.473E-04 -3.210E-04 -2.963E-04 -2.730E-04 -2.512E-04 -2.305E-04 -2.110E-04 -1.924E-04 -1.749E-04 -1.582E-04 -1.423E-04 -1.271E-04 -1.125E-04 -9.850E-05 -8.495E-05 -7.175E-05 -5.880E-05 -4.583E-05 -3.239E-05 -1.298E-05 +1.979E-06 +0.000E+00 -1.979E-06 +1.298E-05 +3.239E-05 +4.583E-05 +5.880E-05 +7.175E-05 +8.495E-05 +9.850E-05 +1.125E-04 +1.271E-04 +1.423E-04 +1.582E-04 +1.749E-04 +1.924E-04 +2.110E-04 +2.305E-04 +2.512E-04 +2.730E-04 +2.963E-04 +3.210E-04 +3.473E-04 +3.751E-04 +4.047E-04 +4.363E-04 +4.699E-04 +5.055E-04 +5.435E-04 +5.835E-04 +6.265E-04 +6.715E-04 +7.190E-04 +7.695E-04 +8.225E-04 +8.785E-04 +9.365E-04 +9.970E-04 +1.059E-03 +1.124E-03 +1.190E-03 +1.250E-03 
# Vertical KickTable in T2m2
START
            -0.03000000 -0.02925000 -0.02850000 -0.02775000 -0.02700000 -0.02625000 -0.02550000 -0.02475000 -0.02400000 -0.02325000 -0.02250000 -0.02175000 -0.02100000 -0.02025000 -0.01950000 -0.01875000 -0.01800000 -0.01725000 -0.01650000 -0.01575000 -0.01500000 -0.01425000 -0.01350000 -0.01275000 -0.01200000 -0.01125000 -0.01050000 -0.00975000 -0.00900000 -0.00825000 -0.00750000 -0.00675000 -0.00600000 -0.00525000 -0.00450000 -0.00375000 -0.00300000 -0.00225000 -0.00150000 -0.00075000 +0.00000000 +0.00075000 +0.00150000 +0.00225000 +0.00300000 +0.00375000 +0.00450000 +0.00525000 +0.00600000 +0.00675000 +0.00750000 +0.00825000 +0.00900000 +0.00975000 +0.01050000 +0.01125000 +0.01200000 +0.01275000 +0.01350000 +0.01425000 +0.01500000 +0.01575000 +0.01650000 +0.01725000 +0.01800000 +0.01875000 +0.01950000 +0.02025000 +0.02100000 +0.02175000 +0.02250000 +0.02325000 +0.02400000 +0.02475000 +0.02550000 +0.02625000 +0.02700000 +0.02775000 +0.02850000 +0.02925000 +0.03000000 
+0.00725000 -6.230E-03 -6.150E-03 -6.085E-03 -6.030E-03 -5.980E-03 -5.945E-03 -5.910E-03 -5.885E-03 -5.865E-03 -5.845E-03 -5.830E-03 -5.820E-03 -5.810E-03 -5.800E-03 -5.795E-03 -5.790E-03 -5.785E-03 -5.785E-03 -5.780E-03 -5.780E-03 -5.780E-03 -5.780E-03 -5.775E-03 -5.775E-03 -5.775E-03 -5.780E-03 -5.780E-03 -5.780E-03 -5.780E-03 -5.780E-03 -5.780E-03 -5.780E-03 -5.780E-03 -5.785E-03 -5.785E-03 -5.785E-03 -5.785E-03 -5.785E-03 -5.785E-03 -5.780E-03 -5.760E-03 -5.780E-03 -5.785E-03 -5.785E-03 -5.785E-03 -5.785E-03 -5.785E-03 -5.785E-03 -5.780E-03 -5.780E-03 -5.780E-03 -5.780E-03 -5.780E-03 -5.780E-03 -5.780E-03 -5.780E-03 -5.775E-03 -5.775E-03 -5.775E-03 -5.780E-03 -5.780E-03 -5.780E-03 -5.780E-03 -5.785E-03 -5.785E-03 -5.790E-03 -5.795E-03 -5.800E-03 -5.810E-03 -5.820E-03 -5.830E-03 -5.845E-03 -5.865E-03 -5.885E-03 -5.910E-03 -5.945E-03 -5.980E-03 -6.030E-03 -6.085E-03 -6.150E-03 -6.230E-03 
+0.00634375 -5.265E-03 -5.195E-03 -5.135E-03 -5.090E-03 -5.045E-03 -5.015E-03 -4.985E-03 -4.961E-03 -4.942E-03 -4.926E-03 -4.913E-03 -4.902E-03 -4.894E-03 -4.887E-03 -4.881E-03 -4.877E-03 -4.874E-03 -4.871E-03 -4.869E-03 -4.868E-03 -4.867E-03 -4.867E-03 -4.866E-03 -4.866E-03 -4.867E-03 -4.867E-03 -4.867E-03 -4.868E-03 -4.869E-03 -4.869E-03 -4.869E-03 -4.870E-03 -4.870E-03 -4.871E-03 -4.871E-03 -4.872E-03 -4.873E-03 -4.873E-03 -4.871E-03 -4.869E-03 -4.862E-03 -4.869E-03 -4.871E-03 -4.873E-03 -4.873E-03 -4.872E-03 -4.871E-03 -4.871E-03 -4.870E-03 -4.870E-03 -4.869E-03 -4.869E-03 -4.869E-03 -4.868E-03 -4.867E-03 -4.867E-03 -4.867E-03 -4.866E-03 -4.866E-03 -4.867E-03 -4.867E-03 -4.868E-03 -4.869E-03 -4.871E-03 -4.874E-03 -4.877E-03 -4.881E-03 -4.887E-03 -4.894E-03 -4.902E-03 -4.913E-03 -4.926E-03 -4.942E-03 -4.961E-03 -4.985E-03 -5.015E-03 -5.045E-03 -5.090E-03 -5.135E-03 -5.195E-03 -5.265E-03 
+0.00543750 -4.309E-03 -4.251E-03 -4.202E-03 -4.161E-03 -4.126E-03 -4.097E-03 -4.073E-03 -4.053E-03 -4.037E-03 -4.023E-03 -4.012E-03 -4.002E-03 -3.995E-03 -3.989E-03 -3.985E-03 -3.981E-03 -3.978E-03 -3.976E-03 -3.974E-03 -3.973E-03 -3.973E-03 -3.973E-03 -3.973E-03 -3.973E-03 -3.973E-03 -3.973E-03 -3.973E-03 -3.974E-03 -3.974E-03 -3.975E-03 -3.976E-03 -3.976E-03 -3.977E-03 -3.978E-03 -3.978E-03 -3.978E-03 -3.978E-03 -3.978E-03 -3.977E-03 -3.976E-03 -3.975E-03 -3.976E-03 -3.977E-03 -3.978E-03 -3.978E-03 -3.978E-03 -3.978E-03 -3.978E-03 -3.977E-03 -3.976E-03 -3.976E-03 -3.975E-03 -3.974E-03 -3.974E-03 -3.973E-03 -3.973E-03 -3.973E-03 -3.973E-03 -3.973E-03 -3.973E-03 -3.973E-03 -3.973E-03 -3.974E-03 -3.976E-03 -3.978E-03 -3.981E-03 -3.985E-03 -3.989E-03 -3.995E-03 -4.002E-03 -4.012E-03 -4.023E-03 -4.037E-03 -4.053E-03 -4.073E-03 -4.097E-03 -4.126E-03 -4.161E-03 -4.202E-03 -4.251E-03 -4.309E-03 
+0.00453125 -3.457E-03 -3.412E-03 -3.372E-03 -3.339E-03 -3.311E-03 -3.288E-03 -3.268E-03 -3.251E-03 -3.237E-03 -3.227E-03 -3.217E-03 -3.210E-03 -3.204E-03 -3.199E-03 -3.195E-03 -3.193E-03 -3.190E-03 -3.188E-03 -3.187E-03 -3.187E-03 -3.186E-03 -3.186E-03 -3.186E-03 -3.186E-03 -3.187E-03 -3.187E-03 -3.187E-03 -3.187E-03 -3.188E-03 -3.188E-03 -3.189E-03 -3.190E-03 -3.190E-03 -3.191E-03 -3.191E-03 -3.191E-03 -3.191E-03 -3.191E-03 -3.191E-03 -3.190E-03 -3.190E-03 -3.190E-03 -3.191E-03 -3.191E-03 -3.191E-03 -3.191E-03 -3.191E-03 -3.191E-03 -3.190E-03 -3.190E-03 -3.189E-03 -3.188E-03 -3.188E-03 -3.187E-03 -3.187E-03 -3.187E-03 -3.187E-03 -3.186E-03 -3.186E-03 -3.186E-03 -3.186E-03 -3.187E-03 -3.187E-03 -3.188E-03 -3.190E-03 -3.193E-03 -3.195E-03 -3.199E-03 -3.204E-03 -3.210E-03 -3.217E-03 -3.227E-03 -3.237E-03 -3.251E-03 -3.268E-03 -3.288E-03 -3.311E-03 -3.339E-03 -3.372E-03 -3.412E-03 -3.457E-03 
+0.00362500 -2.674E-03 -2.639E-03 -2.610E-03 -2.584E-03 -2.563E-03 -2.544E-03 -2.529E-03 -2.516E-03 -2.505E-03 -2.497E-03 -2.489E-03 -2.484E-03 -2.479E-03 -2.475E-03 -2.472E-03 -2.470E-03 -2.469E-03 -2.467E-03 -2.466E-03 -2.466E-03 -2.465E-03 -2.465E-03 -2.465E-03 -2.465E-03 -2.466E-03 -2.466E-03 -2.466E-03 -2.467E-03 -2.468E-03 -2.468E-03 -2.469E-03 -2.469E-03 -2.469E-03 -2.469E-03 -2.469E-03 -2.469E-03 -2.470E-03 -2.469E-03 -2.469E-03 -2.469E-03 -2.469E-03 -2.469E-03 -2.469E-03 -2.469E-03 -2.470E-03 -2.469E-03 -2.469E-03 -2.469E-03 -2.469E-03 -2.469E-03 -2.469E-03 -2.468E-03 -2.468E-03 -2.467E-03 -2.466E-03 -2.466E-03 -2.466E-03 -2.465E-03 -2.465E-03 -2.465E-03 -2.465E-03 -2.466E-03 -2.466E-03 -2.467E-03 -2.469E-03 -2.470E-03 -2.472E-03 -2.475E-03 -2.479E-03 -2.484E-03 -2.489E-03 -2.497E-03 -2.505E-03 -2.516E-03 -2.529E-03 -2.544E-03 -2.563E-03 -2.584E-03 -2.610E-03 -2.639E-03 -2.674E-03 
+0.00271875 -1.945E-03 -1.922E-03 -1.901E-03 -1.882E-03 -1.867E-03 -1.853E-03 -1.842E-03 -1.832E-03 -1.824E-03 -1.818E-03 -1.813E-03 -1.808E-03 -1.805E-03 -1.803E-03 -1.800E-03 -1.798E-03 -1.798E-03 -1.796E-03 -1.796E-03 -1.796E-03 -1.796E-03 -1.796E-03 -1.796E-03 -1.796E-03 -1.796E-03 -1.796E-03 -1.796E-03 -1.796E-03 -1.797E-03 -1.798E-03 -1.798E-03 -1.798E-03 -1.798E-03 -1.798E-03 -1.798E-03 -1.798E-03 -1.799E-03 -1.799E-03 -1.799E-03 -1.798E-03 -1.798E-03 -1.798E-03 -1.799E-03 -1.799E-03 -1.799E-03 -1.798E-03 -1.798E-03 -1.798E-03 -1.798E-03 -1.798E-03 -1.798E-03 -1.798E-03 -1.797E-03 -1.796E-03 -1.796E-03 -1.796E-03 -1.796E-03 -1.796E-03 -1.796E-03 -1.796E-03 -1.796E-03 -1.796E-03 -1.796E-03 -1.796E-03 -1.798E-03 -1.798E-03 -1.800E-03 -1.803E-03 -1.805E-03 -1.808E-03 -1.813E-03 -1.818E-03 -1.824E-03 -1.832E-03 -1.842E-03 -1.853E-03 -1.867E-03 -1.882E-03 -1.901E-03 -1.922E-03 -1.945E-03 
+0.00181250 -1.255E-03 -1.241E-03 -1.228E-03 -1.216E-03 -1.205E-03 -1.197E-03 -1.190E-03 -1.184E-03 -1.179E-03 -1.174E-03 -1.171E-03 -1.169E-03 -1.166E-03 -1.164E-03 -1.163E-03 -1.162E-03 -1.161E-03 -1.161E-03 -1.160E-03 -1.160E-03 -1.160E-03 -1.160E-03 -1.160E-03 -1.160E-03 -1.160E-03 -1.161E-03 -1.161E-03 -1.161E-03 -1.161E-03 -1.161E-03 -1.161E-03 -1.161E-03 -1.162E-03 -1.162E-03 -1.162E-03 -1.162E-03 -1.162E-03 -1.162E-03 -1.162E-03 -1.162E-03 -1.162E-03 -1.162E-03 -1.162E-03 -1.162E-03 -1.162E-03 -1.162E-03 -1.162E-03 -1.162E-03 -1.162E-03 -1.161E-03 -1.161E-03 -1.161E-03 -1.161E-03 -1.161E-03 -1.161E-03 -1.161E-03 -1.160E-03 -1.160E-03 -1.160E-03 -1.160E-03 -1.160E-03 -1.160E-03 -1.160E-03 -1.161E-03 -1.161E-03 -1.162E-03 -1.163E-03 -1.164E-03 -1.166E-03 -1.169E-03 -1.171E-03 -1.174E-03 -1.179E-03 -1.184E-03 -1.190E-03 -1.197E-03 -1.205E-03 -1.216E-03 -1.228E-03 -1.241E-03 -1.255E-03 
+0.00090625 -5.420E-04 -5.360E-04 -5.305E-04 -5.255E-04 -5.210E-04 -5.175E-04 -5.145E-04 -5.115E-04 -5.095E-04 -5.075E-04 -5.060E-04 -5.050E-04 -5.040E-04 -5.030E-04 -5.025E-04 -5.020E-04 -5.020E-04 -5.015E-04 -5.015E-04 -5.015E-04 -5.015E-04 -5.015E-04 -5.015E-04 -5.015E-04 -5.015E-04 -5.015E-04 -5.015E-04 -5.015E-04 -5.020E-04 -5.020E-04 -5.020E-04 -5.020E-04 -5.020E-04 -5.025E-04 -5.025E-04 -5.025E-04 -5.025E-04 -5.025E-04 -5.025E-04 -5.025E-04 -5.025E-04 -5.025E-04 -5.025E-04 -5.025E-04 -5.025E-04 -5.025E-04 -5.025E-04 -5.025E-04 -5.020E-04 -5.020E-04 -5.020E-04 -5.020E-04 -5.020E-04 -5.015E-04 -5.015E-04 -5.015E-04 -5.015E-04 -5.015E-04 -5.015E-04 -5.015E-04 -5.015E-04 -5.015E-04 -5.015E-04 -5.015E-04 -5.020E-04 -5.020E-04 -5.025E-04 -5.030E-04 -5.040E-04 -5.050E-04 -5.060E-04 -5.075E-04 -5.095E-04 -5.115E-04 -5.145E-04 -5.175E-04 -5.210E-04 -5.255E-04 -5.305E-04 -5.360E-04 -5.420E-04 
+0.00000000 +0.000E+00 +0.000E+00 +0.000E+00 +0.000E+00 +0.000E+00 +0.000E+00 +0.000E+00 +0.000E+00 +0.000E+00 +0.000E+00 +0.000E+00 +0.000E+00 +0.000E+00 +0.000E+00 +0.000E+00 +0.000E+00 +0.000E+00 +0.000E+00 +0.000E+00 +0.000E+00 +0.000E+00 +0.000E+00 +0.000E+00 +0.000E+00 +0.000E+00 +0.000E+00 +0.000E+00 +0.000E+00 +0.000E+00 +0.000E+00 +0.000E+00 +0.000E+00 +0.000E+00 +0.000E+00 +0.000E+00 +0.000E+00 +0.000E+00 +0.000E+00 +0.000E+00 +0.000E+00 +0.000E+00 +0.000E+00 +0.000E+00 +0.000E+00 +0.000E+00 +0.000E+00 +0.000E+00 +0.000E+00 +0.000E+00 +0.000E+00 +0.000E+00 +0.000E+00 +0.000E+00 +0.000E+00 +0.000E+00 +0.000E+00 +0.000E+00 +0.000E+00 +0.000E+00 +0.000E+00 +0.000E+00 +0.000E+00 +0.000E+00 +0.000E+00 +0.000E+00 +0.000E+00 +0.000E+00 +0.000E+00 +0.000E+00 +0.000E+00 +0.000E+00 +0.000E+00 +0.000E+00 +0.000E+00 +0.000E+00 +0.000E+00 +0.000E+00 +0.000E+00 +0.000E+00 +0.000E+00 +0.000E+00 
-0.00090625 +5.420E-04 +5.360E-04 +5.305E-04 +5.255E-04 +5.210E-04 +5.175E-04 +5.145E-04 +5.115E-04 +5.095E-04 +5.075E-04 +5.060E-04 +5.050E-04 +5.040E-04 +5.030E-04 +5.025E-04 +5.020E-04 +5.020E-04 +5.015E-04 +5.015E-04 +5.015E-04 +5.015E-04 +5.015E-04 +5.015E-04 +5.015E-04 +5.015E-04 +5.015E-04 +5.015E-04 +5.015E-04 +5.020E-04 +5.020E-04 +5.020E-04 +5.020E-04 +5.020E-04 +5.025E-04 +5.025E-04 +5.025E-04 +5.025E-04 +5.025E-04 +5.025E-04 +5.025E-04 +5.025E-04 +5.025E-04 +5.025E-04 +5.025E-04 +5.025E-04 +5.025E-04 +5.025E-04 +5.025E-04 +5.020E-04 +5.020E-04 +5.020E-04 +5.020E-04 +5.020E-04 +5.015E-04 +5.015E-04 +5.015E-04 +5.015E-04 +5.015E-04 +5.015E-04 +5.015E-04 +5.015E-04 +5.015E-04 +5.015E-04 +5.015E-04 +5.020E-04 +5.020E-04 +5.025E-04 +5.030E-04 +5.040E-04 +5.050E-04 +5.060E-04 +5.075E-04 +5.095E-04 +5.115E-04 +5.145E-04 +5.175E-04 +5.210E-04 +5.255E-04 +5.305E-04 +5.360E-04 +5.420E-04 
-0.00181250 +1.255E-03 +1.241E-03 +1.228E-03 +1.216E-03 +1.205E-03 +1.197E-03 +1.190E-03 +1.184E-03 +1.179E-03 +1.174E-03 +1.171E-03 +1.169E-03 +1.166E-03 +1.164E-03 +1.163E-03 +1.162E-03 +1.161E-03 +1.161E-03 +1.160E-03 +1.160E-03 +1.160E-03 +1.160E-03 +1.160E-03 +1.160E-03 +1.160E-03 +1.161E-03 +1.161E-03 +1.161E-03 +1.161E-03 +1.161E-03 +1.161E-03 +1.161E-03 +1.162E-03 +1.162E-03 +1.162E-03 +1.162E-03 +1.162E-03 +1.162E-03 +1.162E-03 +1.162E-03 +1.162E-03 +1.162E-03 +1.162E-03 +1.162E-03 +1.162E-03 +1.162E-03 +1.162E-03 +1.162E-03 +1.162E-03 +1.161E-03 +1.161E-03 +1.161E-03 +1.161E-03 +1.161E-03 +1.161E-03 +1.161E-03 +1.160E-03 +1.160E-03 +1.160E-03 +1.160E-03 +1.160E-03 +1.160E-03 +1.160E-03 +1.161E-03 +1.161E-03 +1.162E-03 +1.163E-03 +1.164E-03 +1.166E-03 +1.169E-03 +1.171E-03 +1.174E-03 +1.179E-03 +1.184E-03 +1.190E-03 +1.197E-03 +1.205E-03 +1.216E-03 +1.228E-03 +1.241E-03 +1.255E-03 
-0.00271875 +1.945E-03 +1.922E-03 +1.901E-03 +1.882E-03 +1.867E-03 +1.853E-03 +1.842E-03 +1.832E-03 +1.824E-03 +1.818E-03 +1.813E-03 +1.808E-03 +1.805E-03 +1.803E-03 +1.800E-03 +1.798E-03 +1.798E-03 +1.796E-03 +1.796E-03 +1.796E-03 +1.796E-03 +1.796E-03 +1.796E-03 +1.796E-03 +1.796E-03 +1.796E-03 +1.796E-03 +1.796E-03 +1.797E-03 +1.798E-03 +1.798E-03 +1.798E-03 +1.798E-03 +1.798E-03 +1.798E-03 +1.798E-03 +1.799E-03 +1.799E-03 +1.799E-03 +1.798E-03 +1.798E-03 +1.798E-03 +1.799E-03 +1.799E-03 +1.799E-03 +1.798E-03 +1.798E-03 +1.798E-03 +1.798E-03 +1.798E-03 +1.798E-03 +1.798E-03 +1.797E-03 +1.796E-03 +1.796E-03 +1.796E-03 +1.796E-03 +1.796E-03 +1.796E-03 +1.796E-03 +1.796E-03 +1.796E-03 +1.796E-03 +1.796E-03 +1.798E-03 +1.798E-03 +1.800E-03 +1.803E-03 +1.805E-03 +1.808E-03 +1.813E-03 +1.818E-03 +1.824E-03 +1.832E-03 +1.842E-03 +1.853E-03 +1.867E-03 +1.882E-03 +1.901E-03 +1.922E-03 +1.945E-03 
-0.00362500 +2.674E-03 +2.639E-03 +2.610E-03 +2.584E-03 +2.563E-03 +2.544E-03 +2.529E-03 +2.516E-03 +2.505E-03 +2.497E-03 +2.489E-03 +2.484E-03 +2.479E-03 +2.475E-03 +2.472E-03 +2.470E-03 +2.469E-03 +2.467E-03 +2.466E-03 +2.466E-03 +2.465E-03 +2.465E-03 +2.465E-03 +2.465E-03 +2.466E-03 +2.466E-03 +2.466E-03 +2.467E-03 +2.468E-03 +2.468E-03 +2.469E-03 +2.469E-03 +2.469E-03 +2.469E-03 +2.469E-03 +2.469E-03 +2.470E-03 +2.469E-03 +2.469E-03 +2.469E-03 +2.469E-03 +2.469E-03 +2.469E-03 +2.469E-03 +2.470E-03 +2.469E-03 +2.469E-03 +2.469E-03 +2.469E-03 +2.469E-03 +2.469E-03 +2.468E-03 +2.468E-03 +2.467E-03 +2.466E-03 +2.466E-03 +2.466E-03 +2.465E-03 +2.465E-03 +2.465E-03 +2.465E-03 +2.466E-03 +2.466E-03 +2.467E-03 +2.469E-03 +2.470E-03 +2.472E-03 +2.475E-03 +2.479E-03 +2.484E-03 +2.489E-03 +2.497E-03 +2.505E-03 +2.516E-03 +2.529E-03 +2.544E-03 +2.563E-03 +2.584E-03 +2.610E-03 +2.639E-03 +2.674E-03 
-0.00453125 +3.457E-03 +3.412E-03 +3.372E-03 +3.339E-03 +3.311E-03 +3.288E-03 +3.268E-03 +3.251E-03 +3.237E-03 +3.227E-03 +3.217E-03 +3.210E-03 +3.204E-03 +3.199E-03 +3.195E-03 +3.193E-03 +3.190E-03 +3.188E-03 +3.187E-03 +3.187E-03 +3.186E-03 +3.186E-03 +3.186E-03 +3.186E-03 +3.187E-03 +3.187E-03 +3.187E-03 +3.187E-03 +3.188E-03 +3.188E-03 +3.189E-03 +3.190E-03 +3.190E-03 +3.191E-03 +3.191E-03 +3.191E-03 +3.191E-03 +3.191E-03 +3.191E-03 +3.190E-03 +3.190E-03 +3.190E-03 +3.191E-03 +3.191E-03 +3.191E-03 +3.191E-03 +3.191E-03 +3.191E-03 +3.190E-03 +3.190E-03 +3.189E-03 +3.188E-03 +3.188E-03 +3.187E-03 +3.187E-03 +3.187E-03 +3.187E-03 +3.186E-03 +3.186E-03 +3.186E-03 +3.186E-03 +3.187E-03 +3.187E-03 +3.188E-03 +3.190E-03 +3.193E-03 +3.195E-03 +3.199E-03 +3.204E-03 +3.210E-03 +3.217E-03 +3.227E-03 +3.237E-03 +3.251E-03 +3.268E-03 +3.288E-03 +3.311E-03 +3.339E-03 +3.372E-03 +3.412E-03 +3.457E-03 
-0.00543750 +4.309E-03 +4.251E-03 +4.202E-03 +4.161E-03 +4.126E-03 +4.097E-03 +4.073E-03 +4.053E-03 +4.037E-03 +4.023E-03 +4.012E-03 +4.002E-03 +3.995E-03 +3.989E-03 +3.985E-03 +3.981E-03 +3.978E-03 +3.976E-03 +3.974E-03 +3.973E-03 +3.973E-03 +3.973E-03 +3.973E-03 +3.973E-03 +3.973E-03 +3.973E-03 +3.973E-03 +3.974E-03 +3.974E-03 +3.975E-03 +3.976E-03 +3.976E-03 +3.977E-03 +3.978E-03 +3.978E-03 +3.978E-03 +3.978E-03 +3.978E-03 +3.977E-03 +3.976E-03 +3.975E-03 +3.976E-03 +3.977E-03 +3.978E-03 +3.978E-03 +3.978E-03 +3.978E-03 +3.978E-03 +3.977E-03 +3.976E-03 +3.976E-03 +3.975E-03 +3.974E-03 +3.974E-03 +3.973E-03 +3.973E-03 +3.973E-03 +3.973E-03 +3.973E-03 +3.973E-03 +3.973E-03 +3.973E-03 +3.974E-03 +3.976E-03 +3.978E-03 +3.981E-03 +3.985E-03 +3.989E-03 +3.995E-03 +4.002E-03 +4.012E-03 +4.023E-03 +4.037E-03 +4.053E-03 +4.073E-03 +4.097E-03 +4.126E-03 +4.161E-03 +4.202E-03 +4.251E-03 +4.309E-03 
-0.00634375 +5.265E-03 +5.195E-03 +5.135E-03 +5.090E-03 +5.045E-03 +5.015E-03 +4.985E-03 +4.961E-03 +4.942E-03 +4.926E-03 +4.913E-03 +4.902E-03 +4.894E-03 +4.887E-03 +4.881E-03 +4.877E-03 +4.874E-03 +4.871E-03 +4.869E-03 +4.868E-03 +4.867E-03 +4.867E-03 +4.866E-03 +4.866E-03 +4.867E-03 +4.867E-03 +4.867E-03 +4.868E-03 +4.869E-03 +4.869E-03 +4.869E-03 +4.870E-03 +4.870E-03 +4.871E-03 +4.871E-03 +4.872E-03 +4.873E-03 +4.873E-03 +4.871E-03 +4.869E-03 +4.862E-03 +4.869E-03 +4.871E-03 +4.873E-03 +4.873E-03 +4.872E-03 +4.871E-03 +4.871E-03 +4.870E-03 +4.870E-03 +4.869E-03 +4.869E-03 +4.869E-03 +4.868E-03 +4.867E-03 +4.867E-03 +4.867E-03 +4.866E-03 +4.866E-03 +4.867E-03 +4.867E-03 +4.868E-03 +4.869E-03 +4.871E-03 +4.874E-03 +4.877E-03 +4.881E-03 +4.887E-03 +4.894E-03 +4.902E-03 +4.913E-03 +4.926E-03 +4.942E-03 +4.961E-03 +4.985E-03 +5.015E-03 +5.045E-03 +5.090E-03 +5.135E-03 +5.195E-03 +5.265E-03 
-0.00725000 +6.230E-03 +6.150E-03 +6.085E-03 +6.030E-03 +5.980E-03 +5.945E-03 +5.910E-03 +5.885E-03 +5.865E-03 +5.845E-03 +5.830E-03 +5.820E-03 +5.810E-03 +5.800E-03 +5.795E-03 +5.790E-03 +5.785E-03 +5.785E-03 +5.780E-03 +5.780E-03 +5.780E-03 +5.780E-03 +5.775E-03 +5.775E-03 +5.775E-03 +5.780E-03 +5.780E-03 +5.780E-03 +5.780E-03 +5.780E-03 +5.780E-03 +5.780E-03 +5.780E-03 +5.785E-03 +5.785E-03 +5.785E-03 +5.785E-03 +5.785E-03 +5.785E-03 +5.780E-03 +5.760E-03 +5.780E-03 +5.785E-03 +5.785E-03 +5.785E-03 +5.785E-03 +5.785E-03 +5.785E-03 +5.780E-03 +5.780E-03 +5.780E-03 +5.780E-03 +5.780E-03 +5.780E-03 +5.780E-03 +5.780E-03 +5.775E-03 +5.775E-03 +5.775E-03 +5.780E-03 +5.780E-03 +5.780E-03 +5.780E-03 +5.785E-03 +5.785E-03 +5.790E-03 +5.795E-03 +5.800E-03 +5.810E-03 +5.820E-03 +5.830E-03 +5.845E-03 +5.865E-03 +5.885E-03 +5.910E-03 +5.945E-03 +5.980E-03 +6.030E-03 +6.085E-03 +6.150E-03 +6.230E-03 
