# jatoba_kicktable KICKMAP
# Author: lnls_at2tracy @ LNLS, Date: 27-Jun-2014 21:23:28
# ID Length [m]
4.7350000000E-01
# Number of Horizontal Points
81
# Number of Vertical Points
17
# Horizontal KickTable in T2m2
START
            -0.03000000 -0.02925000 -0.02850000 -0.02775000 -0.02700000 -0.02625000 -0.02550000 -0.02475000 -0.02400000 -0.02325000 -0.02250000 -0.02175000 -0.02100000 -0.02025000 -0.01950000 -0.01875000 -0.01800000 -0.01725000 -0.01650000 -0.01575000 -0.01500000 -0.01425000 -0.01350000 -0.01275000 -0.01200000 -0.01125000 -0.01050000 -0.00975000 -0.00900000 -0.00825000 -0.00750000 -0.00675000 -0.00600000 -0.00525000 -0.00450000 -0.00375000 -0.00300000 -0.00225000 -0.00150000 -0.00075000 +0.00000000 +0.00075000 +0.00150000 +0.00225000 +0.00300000 +0.00375000 +0.00450000 +0.00525000 +0.00600000 +0.00675000 +0.00750000 +0.00825000 +0.00900000 +0.00975000 +0.01050000 +0.01125000 +0.01200000 +0.01275000 +0.01350000 +0.01425000 +0.01500000 +0.01575000 +0.01650000 +0.01725000 +0.01800000 +0.01875000 +0.01950000 +0.02025000 +0.02100000 +0.02175000 +0.02250000 +0.02325000 +0.02400000 +0.02475000 +0.02550000 +0.02625000 +0.02700000 +0.02775000 +0.02850000 +0.02925000 +0.03000000 
+0.00770000 -5.450E-03 -5.085E-03 -4.701E-03 -4.340E-03 -4.001E-03 -3.684E-03 -3.388E-03 -3.112E-03 -2.857E-03 -2.619E-03 -2.400E-03 -2.197E-03 -2.009E-03 -1.836E-03 -1.677E-03 -1.530E-03 -1.396E-03 -1.272E-03 -1.158E-03 -1.053E-03 -9.575E-04 -8.690E-04 -7.880E-04 -7.135E-04 -6.445E-04 -5.815E-04 -5.230E-04 -4.686E-04 -4.184E-04 -3.717E-04 -3.280E-04 -2.872E-04 -2.485E-04 -2.117E-04 -1.764E-04 -1.418E-04 -1.068E-04 -6.960E-05 -2.620E-05 -6.865E-07 +0.000E+00 +6.865E-07 +2.620E-05 +6.960E-05 +1.068E-04 +1.418E-04 +1.764E-04 +2.117E-04 +2.485E-04 +2.872E-04 +3.280E-04 +3.717E-04 +4.184E-04 +4.686E-04 +5.230E-04 +5.815E-04 +6.445E-04 +7.135E-04 +7.880E-04 +8.690E-04 +9.575E-04 +1.053E-03 +1.158E-03 +1.272E-03 +1.396E-03 +1.530E-03 +1.677E-03 +1.836E-03 +2.009E-03 +2.197E-03 +2.400E-03 +2.619E-03 +2.857E-03 +3.112E-03 +3.388E-03 +3.684E-03 +4.001E-03 +4.340E-03 +4.701E-03 +5.085E-03 +5.450E-03 
+0.00673750 -5.695E-03 -5.285E-03 -4.854E-03 -4.456E-03 -4.089E-03 -3.748E-03 -3.433E-03 -3.144E-03 -2.876E-03 -2.629E-03 -2.402E-03 -2.194E-03 -2.002E-03 -1.826E-03 -1.664E-03 -1.516E-03 -1.380E-03 -1.256E-03 -1.142E-03 -1.038E-03 -9.420E-04 -8.540E-04 -7.735E-04 -6.995E-04 -6.315E-04 -5.690E-04 -5.115E-04 -4.580E-04 -4.087E-04 -3.628E-04 -3.201E-04 -2.800E-04 -2.422E-04 -2.062E-04 -1.719E-04 -1.386E-04 -1.059E-04 -7.375E-05 -4.334E-05 -1.650E-05 +0.000E+00 +1.650E-05 +4.334E-05 +7.375E-05 +1.059E-04 +1.386E-04 +1.719E-04 +2.062E-04 +2.422E-04 +2.800E-04 +3.201E-04 +3.628E-04 +4.087E-04 +4.580E-04 +5.115E-04 +5.690E-04 +6.315E-04 +6.995E-04 +7.735E-04 +8.540E-04 +9.420E-04 +1.038E-03 +1.142E-03 +1.256E-03 +1.380E-03 +1.516E-03 +1.664E-03 +1.826E-03 +2.002E-03 +2.194E-03 +2.402E-03 +2.629E-03 +2.876E-03 +3.144E-03 +3.433E-03 +3.748E-03 +4.089E-03 +4.456E-03 +4.854E-03 +5.285E-03 +5.695E-03 
+0.00577500 -5.840E-03 -5.400E-03 -4.946E-03 -4.526E-03 -4.139E-03 -3.784E-03 -3.458E-03 -3.157E-03 -2.881E-03 -2.629E-03 -2.397E-03 -2.184E-03 -1.989E-03 -1.811E-03 -1.649E-03 -1.500E-03 -1.364E-03 -1.239E-03 -1.125E-03 -1.022E-03 -9.260E-04 -8.390E-04 -7.595E-04 -6.860E-04 -6.190E-04 -5.570E-04 -5.005E-04 -4.480E-04 -3.994E-04 -3.545E-04 -3.125E-04 -2.733E-04 -2.364E-04 -2.015E-04 -1.682E-04 -1.363E-04 -1.056E-04 -7.610E-05 -4.816E-05 -2.036E-05 +0.000E+00 +2.036E-05 +4.816E-05 +7.610E-05 +1.056E-04 +1.363E-04 +1.682E-04 +2.015E-04 +2.364E-04 +2.733E-04 +3.125E-04 +3.545E-04 +3.994E-04 +4.480E-04 +5.005E-04 +5.570E-04 +6.190E-04 +6.860E-04 +7.595E-04 +8.390E-04 +9.260E-04 +1.022E-03 +1.125E-03 +1.239E-03 +1.364E-03 +1.500E-03 +1.649E-03 +1.811E-03 +1.989E-03 +2.184E-03 +2.397E-03 +2.629E-03 +2.881E-03 +3.157E-03 +3.458E-03 +3.784E-03 +4.139E-03 +4.526E-03 +4.946E-03 +5.400E-03 +5.840E-03 
+0.00481250 -5.905E-03 -5.455E-03 -4.988E-03 -4.558E-03 -4.162E-03 -3.798E-03 -3.464E-03 -3.158E-03 -2.877E-03 -2.620E-03 -2.386E-03 -2.171E-03 -1.975E-03 -1.796E-03 -1.633E-03 -1.483E-03 -1.347E-03 -1.223E-03 -1.110E-03 -1.006E-03 -9.115E-04 -8.250E-04 -7.460E-04 -6.735E-04 -6.070E-04 -5.465E-04 -4.903E-04 -4.388E-04 -3.911E-04 -3.469E-04 -3.057E-04 -2.674E-04 -2.313E-04 -1.973E-04 -1.651E-04 -1.343E-04 -1.049E-04 -7.660E-05 -4.940E-05 -2.129E-05 +0.000E+00 +2.129E-05 +4.940E-05 +7.660E-05 +1.049E-04 +1.343E-04 +1.651E-04 +1.973E-04 +2.313E-04 +2.674E-04 +3.057E-04 +3.469E-04 +3.911E-04 +4.388E-04 +4.903E-04 +5.465E-04 +6.070E-04 +6.735E-04 +7.460E-04 +8.250E-04 +9.115E-04 +1.006E-03 +1.110E-03 +1.223E-03 +1.347E-03 +1.483E-03 +1.633E-03 +1.796E-03 +1.975E-03 +2.171E-03 +2.386E-03 +2.620E-03 +2.877E-03 +3.158E-03 +3.464E-03 +3.798E-03 +4.162E-03 +4.558E-03 +4.988E-03 +5.455E-03 +5.905E-03 
+0.00385000 -5.915E-03 -5.465E-03 -4.998E-03 -4.564E-03 -4.165E-03 -3.798E-03 -3.460E-03 -3.151E-03 -2.868E-03 -2.609E-03 -2.373E-03 -2.156E-03 -1.959E-03 -1.780E-03 -1.617E-03 -1.468E-03 -1.332E-03 -1.208E-03 -1.095E-03 -9.920E-04 -8.980E-04 -8.125E-04 -7.340E-04 -6.625E-04 -5.970E-04 -5.370E-04 -4.816E-04 -4.307E-04 -3.838E-04 -3.404E-04 -2.999E-04 -2.623E-04 -2.270E-04 -1.937E-04 -1.623E-04 -1.323E-04 -1.038E-04 -7.620E-05 -4.946E-05 -2.142E-05 +0.000E+00 +2.142E-05 +4.946E-05 +7.620E-05 +1.038E-04 +1.323E-04 +1.623E-04 +1.937E-04 +2.270E-04 +2.623E-04 +2.999E-04 +3.404E-04 +3.838E-04 +4.307E-04 +4.816E-04 +5.370E-04 +5.970E-04 +6.625E-04 +7.340E-04 +8.125E-04 +8.980E-04 +9.920E-04 +1.095E-03 +1.208E-03 +1.332E-03 +1.468E-03 +1.617E-03 +1.780E-03 +1.959E-03 +2.156E-03 +2.373E-03 +2.609E-03 +2.868E-03 +3.151E-03 +3.460E-03 +3.798E-03 +4.165E-03 +4.564E-03 +4.998E-03 +5.465E-03 +5.915E-03 
+0.00288750 -5.890E-03 -5.450E-03 -4.987E-03 -4.556E-03 -4.157E-03 -3.789E-03 -3.451E-03 -3.140E-03 -2.856E-03 -2.596E-03 -2.359E-03 -2.143E-03 -1.945E-03 -1.766E-03 -1.602E-03 -1.453E-03 -1.318E-03 -1.195E-03 -1.082E-03 -9.800E-04 -8.870E-04 -8.020E-04 -7.245E-04 -6.535E-04 -5.885E-04 -5.290E-04 -4.745E-04 -4.242E-04 -3.779E-04 -3.350E-04 -2.952E-04 -2.582E-04 -2.235E-04 -1.909E-04 -1.600E-04 -1.307E-04 -1.026E-04 -7.550E-05 -4.914E-05 -2.133E-05 +0.000E+00 +2.133E-05 +4.914E-05 +7.550E-05 +1.026E-04 +1.307E-04 +1.600E-04 +1.909E-04 +2.235E-04 +2.582E-04 +2.952E-04 +3.350E-04 +3.779E-04 +4.242E-04 +4.745E-04 +5.290E-04 +5.885E-04 +6.535E-04 +7.245E-04 +8.020E-04 +8.870E-04 +9.800E-04 +1.082E-03 +1.195E-03 +1.318E-03 +1.453E-03 +1.602E-03 +1.766E-03 +1.945E-03 +2.143E-03 +2.359E-03 +2.596E-03 +2.856E-03 +3.140E-03 +3.451E-03 +3.789E-03 +4.157E-03 +4.556E-03 +4.987E-03 +5.450E-03 +5.890E-03 
+0.00192500 -5.860E-03 -5.425E-03 -4.969E-03 -4.542E-03 -4.145E-03 -3.779E-03 -3.440E-03 -3.129E-03 -2.845E-03 -2.586E-03 -2.348E-03 -2.132E-03 -1.935E-03 -1.755E-03 -1.592E-03 -1.443E-03 -1.308E-03 -1.185E-03 -1.073E-03 -9.715E-04 -8.785E-04 -7.940E-04 -7.170E-04 -6.465E-04 -5.820E-04 -5.230E-04 -4.691E-04 -4.194E-04 -3.735E-04 -3.311E-04 -2.918E-04 -2.551E-04 -2.209E-04 -1.887E-04 -1.583E-04 -1.293E-04 -1.017E-04 -7.490E-05 -4.879E-05 -2.119E-05 +0.000E+00 +2.119E-05 +4.879E-05 +7.490E-05 +1.017E-04 +1.293E-04 +1.583E-04 +1.887E-04 +2.209E-04 +2.551E-04 +2.918E-04 +3.311E-04 +3.735E-04 +4.194E-04 +4.691E-04 +5.230E-04 +5.820E-04 +6.465E-04 +7.170E-04 +7.940E-04 +8.785E-04 +9.715E-04 +1.073E-03 +1.185E-03 +1.308E-03 +1.443E-03 +1.592E-03 +1.755E-03 +1.935E-03 +2.132E-03 +2.348E-03 +2.586E-03 +2.845E-03 +3.129E-03 +3.440E-03 +3.779E-03 +4.145E-03 +4.542E-03 +4.969E-03 +5.425E-03 +5.860E-03 
+0.00096250 -5.835E-03 -5.410E-03 -4.955E-03 -4.531E-03 -4.136E-03 -3.770E-03 -3.432E-03 -3.122E-03 -2.838E-03 -2.578E-03 -2.341E-03 -2.125E-03 -1.927E-03 -1.748E-03 -1.585E-03 -1.437E-03 -1.301E-03 -1.179E-03 -1.068E-03 -9.660E-04 -8.735E-04 -7.895E-04 -7.125E-04 -6.425E-04 -5.785E-04 -5.195E-04 -4.659E-04 -4.165E-04 -3.708E-04 -3.287E-04 -2.897E-04 -2.534E-04 -2.193E-04 -1.874E-04 -1.572E-04 -1.285E-04 -1.011E-04 -7.450E-05 -4.854E-05 -2.108E-05 +0.000E+00 +2.108E-05 +4.854E-05 +7.450E-05 +1.011E-04 +1.285E-04 +1.572E-04 +1.874E-04 +2.193E-04 +2.534E-04 +2.897E-04 +3.287E-04 +3.708E-04 +4.165E-04 +4.659E-04 +5.195E-04 +5.785E-04 +6.425E-04 +7.125E-04 +7.895E-04 +8.735E-04 +9.660E-04 +1.068E-03 +1.179E-03 +1.301E-03 +1.437E-03 +1.585E-03 +1.748E-03 +1.927E-03 +2.125E-03 +2.341E-03 +2.578E-03 +2.838E-03 +3.122E-03 +3.432E-03 +3.770E-03 +4.136E-03 +4.531E-03 +4.955E-03 +5.410E-03 +5.835E-03 
+0.00000000 -5.825E-03 -5.400E-03 -4.950E-03 -4.527E-03 -4.132E-03 -3.767E-03 -3.429E-03 -3.119E-03 -2.835E-03 -2.576E-03 -2.338E-03 -2.122E-03 -1.925E-03 -1.746E-03 -1.582E-03 -1.435E-03 -1.300E-03 -1.177E-03 -1.066E-03 -9.640E-04 -8.720E-04 -7.875E-04 -7.110E-04 -6.410E-04 -5.770E-04 -5.185E-04 -4.648E-04 -4.154E-04 -3.700E-04 -3.279E-04 -2.890E-04 -2.527E-04 -2.188E-04 -1.869E-04 -1.568E-04 -1.283E-04 -1.008E-04 -7.435E-05 -4.845E-05 -2.105E-05 +0.000E+00 +2.105E-05 +4.845E-05 +7.435E-05 +1.008E-04 +1.283E-04 +1.568E-04 +1.869E-04 +2.188E-04 +2.527E-04 +2.890E-04 +3.279E-04 +3.700E-04 +4.154E-04 +4.648E-04 +5.185E-04 +5.770E-04 +6.410E-04 +7.110E-04 +7.875E-04 +8.720E-04 +9.640E-04 +1.066E-03 +1.177E-03 +1.300E-03 +1.435E-03 +1.582E-03 +1.746E-03 +1.925E-03 +2.122E-03 +2.338E-03 +2.576E-03 +2.835E-03 +3.119E-03 +3.429E-03 +3.767E-03 +4.132E-03 +4.527E-03 +4.950E-03 +5.400E-03 +5.825E-03 
-0.00096250 -5.835E-03 -5.410E-03 -4.955E-03 -4.531E-03 -4.136E-03 -3.770E-03 -3.432E-03 -3.122E-03 -2.838E-03 -2.578E-03 -2.341E-03 -2.125E-03 -1.927E-03 -1.748E-03 -1.585E-03 -1.437E-03 -1.301E-03 -1.179E-03 -1.068E-03 -9.660E-04 -8.735E-04 -7.895E-04 -7.125E-04 -6.425E-04 -5.785E-04 -5.195E-04 -4.659E-04 -4.165E-04 -3.708E-04 -3.287E-04 -2.897E-04 -2.534E-04 -2.193E-04 -1.874E-04 -1.572E-04 -1.285E-04 -1.011E-04 -7.450E-05 -4.854E-05 -2.108E-05 +0.000E+00 +2.108E-05 +4.854E-05 +7.450E-05 +1.011E-04 +1.285E-04 +1.572E-04 +1.874E-04 +2.193E-04 +2.534E-04 +2.897E-04 +3.287E-04 +3.708E-04 +4.165E-04 +4.659E-04 +5.195E-04 +5.785E-04 +6.425E-04 +7.125E-04 +7.895E-04 +8.735E-04 +9.660E-04 +1.068E-03 +1.179E-03 +1.301E-03 +1.437E-03 +1.585E-03 +1.748E-03 +1.927E-03 +2.125E-03 +2.341E-03 +2.578E-03 +2.838E-03 +3.122E-03 +3.432E-03 +3.770E-03 +4.136E-03 +4.531E-03 +4.955E-03 +5.410E-03 +5.835E-03 
-0.00192500 -5.860E-03 -5.425E-03 -4.969E-03 -4.542E-03 -4.145E-03 -3.779E-03 -3.440E-03 -3.129E-03 -2.845E-03 -2.586E-03 -2.348E-03 -2.132E-03 -1.935E-03 -1.755E-03 -1.592E-03 -1.443E-03 -1.308E-03 -1.185E-03 -1.073E-03 -9.715E-04 -8.785E-04 -7.940E-04 -7.170E-04 -6.465E-04 -5.820E-04 -5.230E-04 -4.691E-04 -4.194E-04 -3.735E-04 -3.311E-04 -2.918E-04 -2.551E-04 -2.209E-04 -1.887E-04 -1.583E-04 -1.293E-04 -1.017E-04 -7.490E-05 -4.879E-05 -2.119E-05 +0.000E+00 +2.119E-05 +4.879E-05 +7.490E-05 +1.017E-04 +1.293E-04 +1.583E-04 +1.887E-04 +2.209E-04 +2.551E-04 +2.918E-04 +3.311E-04 +3.735E-04 +4.194E-04 +4.691E-04 +5.230E-04 +5.820E-04 +6.465E-04 +7.170E-04 +7.940E-04 +8.785E-04 +9.715E-04 +1.073E-03 +1.185E-03 +1.308E-03 +1.443E-03 +1.592E-03 +1.755E-03 +1.935E-03 +2.132E-03 +2.348E-03 +2.586E-03 +2.845E-03 +3.129E-03 +3.440E-03 +3.779E-03 +4.145E-03 +4.542E-03 +4.969E-03 +5.425E-03 +5.860E-03 
-0.00288750 -5.890E-03 -5.450E-03 -4.987E-03 -4.556E-03 -4.157E-03 -3.789E-03 -3.451E-03 -3.140E-03 -2.856E-03 -2.596E-03 -2.359E-03 -2.143E-03 -1.945E-03 -1.766E-03 -1.602E-03 -1.453E-03 -1.318E-03 -1.195E-03 -1.082E-03 -9.800E-04 -8.870E-04 -8.020E-04 -7.245E-04 -6.535E-04 -5.885E-04 -5.290E-04 -4.745E-04 -4.242E-04 -3.779E-04 -3.350E-04 -2.952E-04 -2.582E-04 -2.235E-04 -1.909E-04 -1.600E-04 -1.307E-04 -1.026E-04 -7.550E-05 -4.914E-05 -2.133E-05 +0.000E+00 +2.133E-05 +4.914E-05 +7.550E-05 +1.026E-04 +1.307E-04 +1.600E-04 +1.909E-04 +2.235E-04 +2.582E-04 +2.952E-04 +3.350E-04 +3.779E-04 +4.242E-04 +4.745E-04 +5.290E-04 +5.885E-04 +6.535E-04 +7.245E-04 +8.020E-04 +8.870E-04 +9.800E-04 +1.082E-03 +1.195E-03 +1.318E-03 +1.453E-03 +1.602E-03 +1.766E-03 +1.945E-03 +2.143E-03 +2.359E-03 +2.596E-03 +2.856E-03 +3.140E-03 +3.451E-03 +3.789E-03 +4.157E-03 +4.556E-03 +4.987E-03 +5.450E-03 +5.890E-03 
-0.00385000 -5.915E-03 -5.465E-03 -4.998E-03 -4.564E-03 -4.165E-03 -3.798E-03 -3.460E-03 -3.151E-03 -2.868E-03 -2.609E-03 -2.373E-03 -2.156E-03 -1.959E-03 -1.780E-03 -1.617E-03 -1.468E-03 -1.332E-03 -1.208E-03 -1.095E-03 -9.920E-04 -8.980E-04 -8.125E-04 -7.340E-04 -6.625E-04 -5.970E-04 -5.370E-04 -4.816E-04 -4.307E-04 -3.838E-04 -3.404E-04 -2.999E-04 -2.623E-04 -2.270E-04 -1.937E-04 -1.623E-04 -1.323E-04 -1.038E-04 -7.620E-05 -4.946E-05 -2.142E-05 +0.000E+00 +2.142E-05 +4.946E-05 +7.620E-05 +1.038E-04 +1.323E-04 +1.623E-04 +1.937E-04 +2.270E-04 +2.623E-04 +2.999E-04 +3.404E-04 +3.838E-04 +4.307E-04 +4.816E-04 +5.370E-04 +5.970E-04 +6.625E-04 +7.340E-04 +8.125E-04 +8.980E-04 +9.920E-04 +1.095E-03 +1.208E-03 +1.332E-03 +1.468E-03 +1.617E-03 +1.780E-03 +1.959E-03 +2.156E-03 +2.373E-03 +2.609E-03 +2.868E-03 +3.151E-03 +3.460E-03 +3.798E-03 +4.165E-03 +4.564E-03 +4.998E-03 +5.465E-03 +5.915E-03 
-0.00481250 -5.905E-03 -5.455E-03 -4.988E-03 -4.558E-03 -4.162E-03 -3.798E-03 -3.464E-03 -3.158E-03 -2.877E-03 -2.620E-03 -2.386E-03 -2.171E-03 -1.975E-03 -1.796E-03 -1.633E-03 -1.483E-03 -1.347E-03 -1.223E-03 -1.110E-03 -1.006E-03 -9.115E-04 -8.250E-04 -7.460E-04 -6.735E-04 -6.070E-04 -5.465E-04 -4.903E-04 -4.388E-04 -3.911E-04 -3.469E-04 -3.057E-04 -2.674E-04 -2.313E-04 -1.973E-04 -1.651E-04 -1.343E-04 -1.049E-04 -7.660E-05 -4.940E-05 -2.129E-05 +0.000E+00 +2.129E-05 +4.940E-05 +7.660E-05 +1.049E-04 +1.343E-04 +1.651E-04 +1.973E-04 +2.313E-04 +2.674E-04 +3.057E-04 +3.469E-04 +3.911E-04 +4.388E-04 +4.903E-04 +5.465E-04 +6.070E-04 +6.735E-04 +7.460E-04 +8.250E-04 +9.115E-04 +1.006E-03 +1.110E-03 +1.223E-03 +1.347E-03 +1.483E-03 +1.633E-03 +1.796E-03 +1.975E-03 +2.171E-03 +2.386E-03 +2.620E-03 +2.877E-03 +3.158E-03 +3.464E-03 +3.798E-03 +4.162E-03 +4.558E-03 +4.988E-03 +5.455E-03 +5.905E-03 
-0.00577500 -5.840E-03 -5.400E-03 -4.946E-03 -4.526E-03 -4.139E-03 -3.784E-03 -3.458E-03 -3.157E-03 -2.881E-03 -2.629E-03 -2.397E-03 -2.184E-03 -1.989E-03 -1.811E-03 -1.649E-03 -1.500E-03 -1.364E-03 -1.239E-03 -1.125E-03 -1.022E-03 -9.260E-04 -8.390E-04 -7.595E-04 -6.860E-04 -6.190E-04 -5.570E-04 -5.005E-04 -4.480E-04 -3.994E-04 -3.545E-04 -3.125E-04 -2.733E-04 -2.364E-04 -2.015E-04 -1.682E-04 -1.363E-04 -1.056E-04 -7.610E-05 -4.816E-05 -2.036E-05 +0.000E+00 +2.036E-05 +4.816E-05 +7.610E-05 +1.056E-04 +1.363E-04 +1.682E-04 +2.015E-04 +2.364E-04 +2.733E-04 +3.125E-04 +3.545E-04 +3.994E-04 +4.480E-04 +5.005E-04 +5.570E-04 +6.190E-04 +6.860E-04 +7.595E-04 +8.390E-04 +9.260E-04 +1.022E-03 +1.125E-03 +1.239E-03 +1.364E-03 +1.500E-03 +1.649E-03 +1.811E-03 +1.989E-03 +2.184E-03 +2.397E-03 +2.629E-03 +2.881E-03 +3.157E-03 +3.458E-03 +3.784E-03 +4.139E-03 +4.526E-03 +4.946E-03 +5.400E-03 +5.840E-03 
-0.00673750 -5.695E-03 -5.285E-03 -4.854E-03 -4.456E-03 -4.089E-03 -3.748E-03 -3.433E-03 -3.144E-03 -2.876E-03 -2.629E-03 -2.402E-03 -2.194E-03 -2.002E-03 -1.826E-03 -1.664E-03 -1.516E-03 -1.380E-03 -1.256E-03 -1.142E-03 -1.038E-03 -9.420E-04 -8.540E-04 -7.735E-04 -6.995E-04 -6.315E-04 -5.690E-04 -5.115E-04 -4.580E-04 -4.087E-04 -3.628E-04 -3.201E-04 -2.800E-04 -2.422E-04 -2.062E-04 -1.719E-04 -1.386E-04 -1.059E-04 -7.375E-05 -4.334E-05 -1.650E-05 +0.000E+00 +1.650E-05 +4.334E-05 +7.375E-05 +1.059E-04 +1.386E-04 +1.719E-04 +2.062E-04 +2.422E-04 +2.800E-04 +3.201E-04 +3.628E-04 +4.087E-04 +4.580E-04 +5.115E-04 +5.690E-04 +6.315E-04 +6.995E-04 +7.735E-04 +8.540E-04 +9.420E-04 +1.038E-03 +1.142E-03 +1.256E-03 +1.380E-03 +1.516E-03 +1.664E-03 +1.826E-03 +2.002E-03 +2.194E-03 +2.402E-03 +2.629E-03 +2.876E-03 +3.144E-03 +3.433E-03 +3.748E-03 +4.089E-03 +4.456E-03 +4.854E-03 +5.285E-03 +5.695E-03 
-0.00770000 -5.450E-03 -5.085E-03 -4.701E-03 -4.340E-03 -4.001E-03 -3.684E-03 -3.388E-03 -3.112E-03 -2.857E-03 -2.619E-03 -2.400E-03 -2.197E-03 -2.009E-03 -1.836E-03 -1.677E-03 -1.530E-03 -1.396E-03 -1.272E-03 -1.158E-03 -1.053E-03 -9.575E-04 -8.690E-04 -7.880E-04 -7.135E-04 -6.445E-04 -5.815E-04 -5.230E-04 -4.686E-04 -4.184E-04 -3.717E-04 -3.280E-04 -2.872E-04 -2.485E-04 -2.117E-04 -1.764E-04 -1.418E-04 -1.068E-04 -6.960E-05 -2.620E-05 -6.865E-07 +0.000E+00 +6.865E-07 +2.620E-05 +6.960E-05 +1.068E-04 +1.418E-04 +1.764E-04 +2.117E-04 +2.485E-04 +2.872E-04 +3.280E-04 +3.717E-04 +4.184E-04 +4.686E-04 +5.230E-04 +5.815E-04 +6.445E-04 +7.135E-04 +7.880E-04 +8.690E-04 +9.575E-04 +1.053E-03 +1.158E-03 +1.272E-03 +1.396E-03 +1.530E-03 +1.677E-03 +1.836E-03 +2.009E-03 +2.197E-03 +2.400E-03 +2.619E-03 +2.857E-03 +3.112E-03 +3.388E-03 +3.684E-03 +4.001E-03 +4.340E-03 +4.701E-03 +5.085E-03 +5.450E-03 
# Vertical KickTable in T2m2
START
            -0.03000000 -0.02925000 -0.02850000 -0.02775000 -0.02700000 -0.02625000 -0.02550000 -0.02475000 -0.02400000 -0.02325000 -0.02250000 -0.02175000 -0.02100000 -0.02025000 -0.01950000 -0.01875000 -0.01800000 -0.01725000 -0.01650000 -0.01575000 -0.01500000 -0.01425000 -0.01350000 -0.01275000 -0.01200000 -0.01125000 -0.01050000 -0.00975000 -0.00900000 -0.00825000 -0.00750000 -0.00675000 -0.00600000 -0.00525000 -0.00450000 -0.00375000 -0.00300000 -0.00225000 -0.00150000 -0.00075000 +0.00000000 +0.00075000 +0.00150000 +0.00225000 +0.00300000 +0.00375000 +0.00450000 +0.00525000 +0.00600000 +0.00675000 +0.00750000 +0.00825000 +0.00900000 +0.00975000 +0.01050000 +0.01125000 +0.01200000 +0.01275000 +0.01350000 +0.01425000 +0.01500000 +0.01575000 +0.01650000 +0.01725000 +0.01800000 +0.01875000 +0.01950000 +0.02025000 +0.02100000 +0.02175000 +0.02250000 +0.02325000 +0.02400000 +0.02475000 +0.02550000 +0.02625000 +0.02700000 +0.02775000 +0.02850000 +0.02925000 +0.03000000 
+0.00770000 -4.405E-02 -4.384E-02 -4.368E-02 -4.356E-02 -4.346E-02 -4.340E-02 -4.335E-02 -4.331E-02 -4.329E-02 -4.327E-02 -4.326E-02 -4.326E-02 -4.326E-02 -4.327E-02 -4.328E-02 -4.328E-02 -4.330E-02 -4.331E-02 -4.332E-02 -4.333E-02 -4.335E-02 -4.336E-02 -4.337E-02 -4.338E-02 -4.339E-02 -4.340E-02 -4.341E-02 -4.342E-02 -4.342E-02 -4.344E-02 -4.344E-02 -4.344E-02 -4.346E-02 -4.346E-02 -4.346E-02 -4.346E-02 -4.346E-02 -4.346E-02 -4.346E-02 -4.344E-02 -4.343E-02 -4.344E-02 -4.346E-02 -4.346E-02 -4.346E-02 -4.346E-02 -4.346E-02 -4.346E-02 -4.346E-02 -4.344E-02 -4.344E-02 -4.344E-02 -4.342E-02 -4.342E-02 -4.341E-02 -4.340E-02 -4.339E-02 -4.338E-02 -4.337E-02 -4.336E-02 -4.335E-02 -4.333E-02 -4.332E-02 -4.331E-02 -4.330E-02 -4.328E-02 -4.328E-02 -4.327E-02 -4.326E-02 -4.326E-02 -4.326E-02 -4.327E-02 -4.329E-02 -4.331E-02 -4.335E-02 -4.340E-02 -4.346E-02 -4.356E-02 -4.368E-02 -4.384E-02 -4.405E-02 
+0.00673750 -3.591E-02 -3.578E-02 -3.567E-02 -3.559E-02 -3.553E-02 -3.549E-02 -3.545E-02 -3.543E-02 -3.542E-02 -3.542E-02 -3.541E-02 -3.542E-02 -3.542E-02 -3.543E-02 -3.544E-02 -3.546E-02 -3.547E-02 -3.548E-02 -3.549E-02 -3.551E-02 -3.551E-02 -3.553E-02 -3.554E-02 -3.555E-02 -3.556E-02 -3.557E-02 -3.558E-02 -3.559E-02 -3.560E-02 -3.560E-02 -3.561E-02 -3.562E-02 -3.562E-02 -3.562E-02 -3.563E-02 -3.563E-02 -3.564E-02 -3.564E-02 -3.563E-02 -3.562E-02 -3.562E-02 -3.562E-02 -3.563E-02 -3.564E-02 -3.564E-02 -3.563E-02 -3.563E-02 -3.562E-02 -3.562E-02 -3.562E-02 -3.561E-02 -3.560E-02 -3.560E-02 -3.559E-02 -3.558E-02 -3.557E-02 -3.556E-02 -3.555E-02 -3.554E-02 -3.553E-02 -3.551E-02 -3.551E-02 -3.549E-02 -3.548E-02 -3.547E-02 -3.546E-02 -3.544E-02 -3.543E-02 -3.542E-02 -3.542E-02 -3.541E-02 -3.542E-02 -3.542E-02 -3.543E-02 -3.545E-02 -3.549E-02 -3.553E-02 -3.559E-02 -3.567E-02 -3.578E-02 -3.591E-02 
+0.00577500 -2.810E-02 -2.803E-02 -2.797E-02 -2.793E-02 -2.790E-02 -2.788E-02 -2.786E-02 -2.786E-02 -2.785E-02 -2.786E-02 -2.786E-02 -2.787E-02 -2.788E-02 -2.789E-02 -2.790E-02 -2.791E-02 -2.792E-02 -2.794E-02 -2.796E-02 -2.797E-02 -2.798E-02 -2.799E-02 -2.800E-02 -2.801E-02 -2.802E-02 -2.803E-02 -2.804E-02 -2.805E-02 -2.806E-02 -2.806E-02 -2.806E-02 -2.807E-02 -2.807E-02 -2.808E-02 -2.808E-02 -2.808E-02 -2.808E-02 -2.808E-02 -2.808E-02 -2.808E-02 -2.808E-02 -2.808E-02 -2.808E-02 -2.808E-02 -2.808E-02 -2.808E-02 -2.808E-02 -2.808E-02 -2.807E-02 -2.807E-02 -2.806E-02 -2.806E-02 -2.806E-02 -2.805E-02 -2.804E-02 -2.803E-02 -2.802E-02 -2.801E-02 -2.800E-02 -2.799E-02 -2.798E-02 -2.797E-02 -2.796E-02 -2.794E-02 -2.792E-02 -2.791E-02 -2.790E-02 -2.789E-02 -2.788E-02 -2.787E-02 -2.786E-02 -2.786E-02 -2.785E-02 -2.786E-02 -2.786E-02 -2.788E-02 -2.790E-02 -2.793E-02 -2.797E-02 -2.803E-02 -2.810E-02 
+0.00481250 -2.160E-02 -2.158E-02 -2.156E-02 -2.155E-02 -2.153E-02 -2.152E-02 -2.152E-02 -2.152E-02 -2.153E-02 -2.153E-02 -2.155E-02 -2.156E-02 -2.157E-02 -2.158E-02 -2.159E-02 -2.160E-02 -2.162E-02 -2.163E-02 -2.165E-02 -2.166E-02 -2.167E-02 -2.167E-02 -2.168E-02 -2.169E-02 -2.170E-02 -2.172E-02 -2.172E-02 -2.173E-02 -2.174E-02 -2.174E-02 -2.175E-02 -2.175E-02 -2.176E-02 -2.176E-02 -2.176E-02 -2.176E-02 -2.176E-02 -2.176E-02 -2.176E-02 -2.176E-02 -2.176E-02 -2.176E-02 -2.176E-02 -2.176E-02 -2.176E-02 -2.176E-02 -2.176E-02 -2.176E-02 -2.176E-02 -2.175E-02 -2.175E-02 -2.174E-02 -2.174E-02 -2.173E-02 -2.172E-02 -2.172E-02 -2.170E-02 -2.169E-02 -2.168E-02 -2.167E-02 -2.167E-02 -2.166E-02 -2.165E-02 -2.163E-02 -2.162E-02 -2.160E-02 -2.159E-02 -2.158E-02 -2.157E-02 -2.156E-02 -2.155E-02 -2.153E-02 -2.153E-02 -2.152E-02 -2.152E-02 -2.152E-02 -2.153E-02 -2.155E-02 -2.156E-02 -2.158E-02 -2.160E-02 
+0.00385000 -1.611E-02 -1.612E-02 -1.612E-02 -1.612E-02 -1.613E-02 -1.613E-02 -1.613E-02 -1.614E-02 -1.614E-02 -1.615E-02 -1.616E-02 -1.617E-02 -1.619E-02 -1.620E-02 -1.621E-02 -1.622E-02 -1.623E-02 -1.624E-02 -1.625E-02 -1.627E-02 -1.628E-02 -1.629E-02 -1.630E-02 -1.631E-02 -1.631E-02 -1.632E-02 -1.632E-02 -1.633E-02 -1.633E-02 -1.634E-02 -1.634E-02 -1.635E-02 -1.635E-02 -1.636E-02 -1.636E-02 -1.636E-02 -1.636E-02 -1.636E-02 -1.636E-02 -1.636E-02 -1.636E-02 -1.636E-02 -1.636E-02 -1.636E-02 -1.636E-02 -1.636E-02 -1.636E-02 -1.636E-02 -1.635E-02 -1.635E-02 -1.634E-02 -1.634E-02 -1.633E-02 -1.633E-02 -1.632E-02 -1.632E-02 -1.631E-02 -1.631E-02 -1.630E-02 -1.629E-02 -1.628E-02 -1.627E-02 -1.625E-02 -1.624E-02 -1.623E-02 -1.622E-02 -1.621E-02 -1.620E-02 -1.619E-02 -1.617E-02 -1.616E-02 -1.615E-02 -1.614E-02 -1.614E-02 -1.613E-02 -1.613E-02 -1.613E-02 -1.612E-02 -1.612E-02 -1.612E-02 -1.611E-02 
+0.00288750 -1.137E-02 -1.140E-02 -1.141E-02 -1.142E-02 -1.143E-02 -1.144E-02 -1.145E-02 -1.145E-02 -1.146E-02 -1.148E-02 -1.148E-02 -1.149E-02 -1.150E-02 -1.151E-02 -1.152E-02 -1.153E-02 -1.154E-02 -1.155E-02 -1.156E-02 -1.157E-02 -1.158E-02 -1.158E-02 -1.159E-02 -1.159E-02 -1.160E-02 -1.161E-02 -1.161E-02 -1.162E-02 -1.162E-02 -1.162E-02 -1.162E-02 -1.163E-02 -1.163E-02 -1.163E-02 -1.163E-02 -1.163E-02 -1.164E-02 -1.164E-02 -1.164E-02 -1.164E-02 -1.164E-02 -1.164E-02 -1.164E-02 -1.164E-02 -1.164E-02 -1.163E-02 -1.163E-02 -1.163E-02 -1.163E-02 -1.163E-02 -1.162E-02 -1.162E-02 -1.162E-02 -1.162E-02 -1.161E-02 -1.161E-02 -1.160E-02 -1.159E-02 -1.159E-02 -1.158E-02 -1.158E-02 -1.157E-02 -1.156E-02 -1.155E-02 -1.154E-02 -1.153E-02 -1.152E-02 -1.151E-02 -1.150E-02 -1.149E-02 -1.148E-02 -1.148E-02 -1.146E-02 -1.145E-02 -1.145E-02 -1.144E-02 -1.143E-02 -1.142E-02 -1.141E-02 -1.140E-02 -1.137E-02 
+0.00192500 -7.185E-03 -7.205E-03 -7.220E-03 -7.230E-03 -7.240E-03 -7.245E-03 -7.255E-03 -7.260E-03 -7.270E-03 -7.275E-03 -7.285E-03 -7.290E-03 -7.295E-03 -7.305E-03 -7.310E-03 -7.320E-03 -7.325E-03 -7.330E-03 -7.335E-03 -7.340E-03 -7.345E-03 -7.350E-03 -7.355E-03 -7.360E-03 -7.365E-03 -7.370E-03 -7.370E-03 -7.375E-03 -7.380E-03 -7.380E-03 -7.385E-03 -7.385E-03 -7.385E-03 -7.390E-03 -7.390E-03 -7.390E-03 -7.390E-03 -7.390E-03 -7.390E-03 -7.390E-03 -7.390E-03 -7.390E-03 -7.390E-03 -7.390E-03 -7.390E-03 -7.390E-03 -7.390E-03 -7.390E-03 -7.385E-03 -7.385E-03 -7.385E-03 -7.380E-03 -7.380E-03 -7.375E-03 -7.370E-03 -7.370E-03 -7.365E-03 -7.360E-03 -7.355E-03 -7.350E-03 -7.345E-03 -7.340E-03 -7.335E-03 -7.330E-03 -7.325E-03 -7.320E-03 -7.310E-03 -7.305E-03 -7.295E-03 -7.290E-03 -7.285E-03 -7.275E-03 -7.270E-03 -7.260E-03 -7.255E-03 -7.245E-03 -7.240E-03 -7.230E-03 -7.220E-03 -7.205E-03 -7.185E-03 
+0.00096250 -3.061E-03 -3.073E-03 -3.080E-03 -3.086E-03 -3.092E-03 -3.096E-03 -3.099E-03 -3.103E-03 -3.106E-03 -3.110E-03 -3.113E-03 -3.116E-03 -3.120E-03 -3.123E-03 -3.126E-03 -3.129E-03 -3.132E-03 -3.135E-03 -3.138E-03 -3.140E-03 -3.142E-03 -3.145E-03 -3.147E-03 -3.148E-03 -3.151E-03 -3.152E-03 -3.154E-03 -3.155E-03 -3.157E-03 -3.158E-03 -3.158E-03 -3.159E-03 -3.160E-03 -3.161E-03 -3.161E-03 -3.161E-03 -3.162E-03 -3.162E-03 -3.162E-03 -3.162E-03 -3.162E-03 -3.162E-03 -3.162E-03 -3.162E-03 -3.162E-03 -3.161E-03 -3.161E-03 -3.161E-03 -3.160E-03 -3.159E-03 -3.158E-03 -3.158E-03 -3.157E-03 -3.155E-03 -3.154E-03 -3.152E-03 -3.151E-03 -3.148E-03 -3.147E-03 -3.145E-03 -3.142E-03 -3.140E-03 -3.138E-03 -3.135E-03 -3.132E-03 -3.129E-03 -3.126E-03 -3.123E-03 -3.120E-03 -3.116E-03 -3.113E-03 -3.110E-03 -3.106E-03 -3.103E-03 -3.099E-03 -3.096E-03 -3.092E-03 -3.086E-03 -3.080E-03 -3.073E-03 -3.061E-03 
+0.00000000 +0.000E+00 +0.000E+00 +0.000E+00 +0.000E+00 +0.000E+00 +0.000E+00 +0.000E+00 +0.000E+00 +0.000E+00 +0.000E+00 +0.000E+00 +0.000E+00 +0.000E+00 +0.000E+00 +0.000E+00 +0.000E+00 +0.000E+00 +0.000E+00 +0.000E+00 +0.000E+00 +0.000E+00 +0.000E+00 +0.000E+00 +0.000E+00 +0.000E+00 +0.000E+00 +0.000E+00 +0.000E+00 +0.000E+00 +0.000E+00 +0.000E+00 +0.000E+00 +0.000E+00 +0.000E+00 +0.000E+00 +0.000E+00 +0.000E+00 +0.000E+00 +0.000E+00 +0.000E+00 +0.000E+00 +0.000E+00 +0.000E+00 +0.000E+00 +0.000E+00 +0.000E+00 +0.000E+00 +0.000E+00 +0.000E+00 +0.000E+00 +0.000E+00 +0.000E+00 +0.000E+00 +0.000E+00 +0.000E+00 +0.000E+00 +0.000E+00 +0.000E+00 +0.000E+00 +0.000E+00 +0.000E+00 +0.000E+00 +0.000E+00 +0.000E+00 +0.000E+00 +0.000E+00 +0.000E+00 +0.000E+00 +0.000E+00 +0.000E+00 +0.000E+00 +0.000E+00 +0.000E+00 +0.000E+00 +0.000E+00 +0.000E+00 +0.000E+00 +0.000E+00 +0.000E+00 +0.000E+00 +0.000E+00 
-0.00096250 +3.061E-03 +3.073E-03 +3.080E-03 +3.086E-03 +3.092E-03 +3.096E-03 +3.099E-03 +3.103E-03 +3.106E-03 +3.110E-03 +3.113E-03 +3.116E-03 +3.120E-03 +3.123E-03 +3.126E-03 +3.129E-03 +3.132E-03 +3.135E-03 +3.138E-03 +3.140E-03 +3.142E-03 +3.145E-03 +3.147E-03 +3.148E-03 +3.151E-03 +3.152E-03 +3.154E-03 +3.155E-03 +3.157E-03 +3.158E-03 +3.158E-03 +3.159E-03 +3.160E-03 +3.161E-03 +3.161E-03 +3.161E-03 +3.162E-03 +3.162E-03 +3.162E-03 +3.162E-03 +3.162E-03 +3.162E-03 +3.162E-03 +3.162E-03 +3.162E-03 +3.161E-03 +3.161E-03 +3.161E-03 +3.160E-03 +3.159E-03 +3.158E-03 +3.158E-03 +3.157E-03 +3.155E-03 +3.154E-03 +3.152E-03 +3.151E-03 +3.148E-03 +3.147E-03 +3.145E-03 +3.142E-03 +3.140E-03 +3.138E-03 +3.135E-03 +3.132E-03 +3.129E-03 +3.126E-03 +3.123E-03 +3.120E-03 +3.116E-03 +3.113E-03 +3.110E-03 +3.106E-03 +3.103E-03 +3.099E-03 +3.096E-03 +3.092E-03 +3.086E-03 +3.080E-03 +3.073E-03 +3.061E-03 
-0.00192500 +7.185E-03 +7.205E-03 +7.220E-03 +7.230E-03 +7.240E-03 +7.245E-03 +7.255E-03 +7.260E-03 +7.270E-03 +7.275E-03 +7.285E-03 +7.290E-03 +7.295E-03 +7.305E-03 +7.310E-03 +7.320E-03 +7.325E-03 +7.330E-03 +7.335E-03 +7.340E-03 +7.345E-03 +7.350E-03 +7.355E-03 +7.360E-03 +7.365E-03 +7.370E-03 +7.370E-03 +7.375E-03 +7.380E-03 +7.380E-03 +7.385E-03 +7.385E-03 +7.385E-03 +7.390E-03 +7.390E-03 +7.390E-03 +7.390E-03 +7.390E-03 +7.390E-03 +7.390E-03 +7.390E-03 +7.390E-03 +7.390E-03 +7.390E-03 +7.390E-03 +7.390E-03 +7.390E-03 +7.390E-03 +7.385E-03 +7.385E-03 +7.385E-03 +7.380E-03 +7.380E-03 +7.375E-03 +7.370E-03 +7.370E-03 +7.365E-03 +7.360E-03 +7.355E-03 +7.350E-03 +7.345E-03 +7.340E-03 +7.335E-03 +7.330E-03 +7.325E-03 +7.320E-03 +7.310E-03 +7.305E-03 +7.295E-03 +7.290E-03 +7.285E-03 +7.275E-03 +7.270E-03 +7.260E-03 +7.255E-03 +7.245E-03 +7.240E-03 +7.230E-03 +7.220E-03 +7.205E-03 +7.185E-03 
-0.00288750 +1.137E-02 +1.140E-02 +1.141E-02 +1.142E-02 +1.143E-02 +1.144E-02 +1.145E-02 +1.145E-02 +1.146E-02 +1.148E-02 +1.148E-02 +1.149E-02 +1.150E-02 +1.151E-02 +1.152E-02 +1.153E-02 +1.154E-02 +1.155E-02 +1.156E-02 +1.157E-02 +1.158E-02 +1.158E-02 +1.159E-02 +1.159E-02 +1.160E-02 +1.161E-02 +1.161E-02 +1.162E-02 +1.162E-02 +1.162E-02 +1.162E-02 +1.163E-02 +1.163E-02 +1.163E-02 +1.163E-02 +1.163E-02 +1.164E-02 +1.164E-02 +1.164E-02 +1.164E-02 +1.164E-02 +1.164E-02 +1.164E-02 +1.164E-02 +1.164E-02 +1.163E-02 +1.163E-02 +1.163E-02 +1.163E-02 +1.163E-02 +1.162E-02 +1.162E-02 +1.162E-02 +1.162E-02 +1.161E-02 +1.161E-02 +1.160E-02 +1.159E-02 +1.159E-02 +1.158E-02 +1.158E-02 +1.157E-02 +1.156E-02 +1.155E-02 +1.154E-02 +1.153E-02 +1.152E-02 +1.151E-02 +1.150E-02 +1.149E-02 +1.148E-02 +1.148E-02 +1.146E-02 +1.145E-02 +1.145E-02 +1.144E-02 +1.143E-02 +1.142E-02 +1.141E-02 +1.140E-02 +1.137E-02 
-0.00385000 +1.611E-02 +1.612E-02 +1.612E-02 +1.612E-02 +1.613E-02 +1.613E-02 +1.613E-02 +1.614E-02 +1.614E-02 +1.615E-02 +1.616E-02 +1.617E-02 +1.619E-02 +1.620E-02 +1.621E-02 +1.622E-02 +1.623E-02 +1.624E-02 +1.625E-02 +1.627E-02 +1.628E-02 +1.629E-02 +1.630E-02 +1.631E-02 +1.631E-02 +1.632E-02 +1.632E-02 +1.633E-02 +1.633E-02 +1.634E-02 +1.634E-02 +1.635E-02 +1.635E-02 +1.636E-02 +1.636E-02 +1.636E-02 +1.636E-02 +1.636E-02 +1.636E-02 +1.636E-02 +1.636E-02 +1.636E-02 +1.636E-02 +1.636E-02 +1.636E-02 +1.636E-02 +1.636E-02 +1.636E-02 +1.635E-02 +1.635E-02 +1.634E-02 +1.634E-02 +1.633E-02 +1.633E-02 +1.632E-02 +1.632E-02 +1.631E-02 +1.631E-02 +1.630E-02 +1.629E-02 +1.628E-02 +1.627E-02 +1.625E-02 +1.624E-02 +1.623E-02 +1.622E-02 +1.621E-02 +1.620E-02 +1.619E-02 +1.617E-02 +1.616E-02 +1.615E-02 +1.614E-02 +1.614E-02 +1.613E-02 +1.613E-02 +1.613E-02 +1.612E-02 +1.612E-02 +1.612E-02 +1.611E-02 
-0.00481250 +2.160E-02 +2.158E-02 +2.156E-02 +2.155E-02 +2.153E-02 +2.152E-02 +2.152E-02 +2.152E-02 +2.153E-02 +2.153E-02 +2.155E-02 +2.156E-02 +2.157E-02 +2.158E-02 +2.159E-02 +2.160E-02 +2.162E-02 +2.163E-02 +2.165E-02 +2.166E-02 +2.167E-02 +2.167E-02 +2.168E-02 +2.169E-02 +2.170E-02 +2.172E-02 +2.172E-02 +2.173E-02 +2.174E-02 +2.174E-02 +2.175E-02 +2.175E-02 +2.176E-02 +2.176E-02 +2.176E-02 +2.176E-02 +2.176E-02 +2.176E-02 +2.176E-02 +2.176E-02 +2.176E-02 +2.176E-02 +2.176E-02 +2.176E-02 +2.176E-02 +2.176E-02 +2.176E-02 +2.176E-02 +2.176E-02 +2.175E-02 +2.175E-02 +2.174E-02 +2.174E-02 +2.173E-02 +2.172E-02 +2.172E-02 +2.170E-02 +2.169E-02 +2.168E-02 +2.167E-02 +2.167E-02 +2.166E-02 +2.165E-02 +2.163E-02 +2.162E-02 +2.160E-02 +2.159E-02 +2.158E-02 +2.157E-02 +2.156E-02 +2.155E-02 +2.153E-02 +2.153E-02 +2.152E-02 +2.152E-02 +2.152E-02 +2.153E-02 +2.155E-02 +2.156E-02 +2.158E-02 +2.160E-02 
-0.00577500 +2.810E-02 +2.803E-02 +2.797E-02 +2.793E-02 +2.790E-02 +2.788E-02 +2.786E-02 +2.786E-02 +2.785E-02 +2.786E-02 +2.786E-02 +2.787E-02 +2.788E-02 +2.789E-02 +2.790E-02 +2.791E-02 +2.792E-02 +2.794E-02 +2.796E-02 +2.797E-02 +2.798E-02 +2.799E-02 +2.800E-02 +2.801E-02 +2.802E-02 +2.803E-02 +2.804E-02 +2.805E-02 +2.806E-02 +2.806E-02 +2.806E-02 +2.807E-02 +2.807E-02 +2.808E-02 +2.808E-02 +2.808E-02 +2.808E-02 +2.808E-02 +2.808E-02 +2.808E-02 +2.808E-02 +2.808E-02 +2.808E-02 +2.808E-02 +2.808E-02 +2.808E-02 +2.808E-02 +2.808E-02 +2.807E-02 +2.807E-02 +2.806E-02 +2.806E-02 +2.806E-02 +2.805E-02 +2.804E-02 +2.803E-02 +2.802E-02 +2.801E-02 +2.800E-02 +2.799E-02 +2.798E-02 +2.797E-02 +2.796E-02 +2.794E-02 +2.792E-02 +2.791E-02 +2.790E-02 +2.789E-02 +2.788E-02 +2.787E-02 +2.786E-02 +2.786E-02 +2.785E-02 +2.786E-02 +2.786E-02 +2.788E-02 +2.790E-02 +2.793E-02 +2.797E-02 +2.803E-02 +2.810E-02 
-0.00673750 +3.591E-02 +3.578E-02 +3.567E-02 +3.559E-02 +3.553E-02 +3.549E-02 +3.545E-02 +3.543E-02 +3.542E-02 +3.542E-02 +3.541E-02 +3.542E-02 +3.542E-02 +3.543E-02 +3.544E-02 +3.546E-02 +3.547E-02 +3.548E-02 +3.549E-02 +3.551E-02 +3.551E-02 +3.553E-02 +3.554E-02 +3.555E-02 +3.556E-02 +3.557E-02 +3.558E-02 +3.559E-02 +3.560E-02 +3.560E-02 +3.561E-02 +3.562E-02 +3.562E-02 +3.562E-02 +3.563E-02 +3.563E-02 +3.564E-02 +3.564E-02 +3.563E-02 +3.562E-02 +3.562E-02 +3.562E-02 +3.563E-02 +3.564E-02 +3.564E-02 +3.563E-02 +3.563E-02 +3.562E-02 +3.562E-02 +3.562E-02 +3.561E-02 +3.560E-02 +3.560E-02 +3.559E-02 +3.558E-02 +3.557E-02 +3.556E-02 +3.555E-02 +3.554E-02 +3.553E-02 +3.551E-02 +3.551E-02 +3.549E-02 +3.548E-02 +3.547E-02 +3.546E-02 +3.544E-02 +3.543E-02 +3.542E-02 +3.542E-02 +3.541E-02 +3.542E-02 +3.542E-02 +3.543E-02 +3.545E-02 +3.549E-02 +3.553E-02 +3.559E-02 +3.567E-02 +3.578E-02 +3.591E-02 
-0.00770000 +4.405E-02 +4.384E-02 +4.368E-02 +4.356E-02 +4.346E-02 +4.340E-02 +4.335E-02 +4.331E-02 +4.329E-02 +4.327E-02 +4.326E-02 +4.326E-02 +4.326E-02 +4.327E-02 +4.328E-02 +4.328E-02 +4.330E-02 +4.331E-02 +4.332E-02 +4.333E-02 +4.335E-02 +4.336E-02 +4.337E-02 +4.338E-02 +4.339E-02 +4.340E-02 +4.341E-02 +4.342E-02 +4.342E-02 +4.344E-02 +4.344E-02 +4.344E-02 +4.346E-02 +4.346E-02 +4.346E-02 +4.346E-02 +4.346E-02 +4.346E-02 +4.346E-02 +4.344E-02 +4.343E-02 +4.344E-02 +4.346E-02 +4.346E-02 +4.346E-02 +4.346E-02 +4.346E-02 +4.346E-02 +4.346E-02 +4.344E-02 +4.344E-02 +4.344E-02 +4.342E-02 +4.342E-02 +4.341E-02 +4.340E-02 +4.339E-02 +4.338E-02 +4.337E-02 +4.336E-02 +4.335E-02 +4.333E-02 +4.332E-02 +4.331E-02 +4.330E-02 +4.328E-02 +4.328E-02 +4.327E-02 +4.326E-02 +4.326E-02 +4.326E-02 +4.327E-02 +4.329E-02 +4.331E-02 +4.335E-02 +4.340E-02 +4.346E-02 +4.356E-02 +4.368E-02 +4.384E-02 +4.405E-02 
