### CURVA DE EXCITACAO - BOBINA GIRANTE ###

### Dados de Configuração ###

arquivo                      C:\Users\labimas\Desktop\BQF_03_Bobina_Nova\Fonte_300A\BQF_03_Medida_02.dat
data                         05/02/2014
hora                         17:11:48
temperatura(C)               0
ganho                        100
nr_pontos_integracao         128
velocidade(rps)              1.0
aceleracao(rps^2)            0.5
nr_coletas                   1
nr_voltas                    19
intervalo_analise            2-18
sentido_de_rotacao           Horario
corrente_alimentacao_avg(A)  0.00000e+00
corrente_alimentacao_std(A)  0.00000e+00
observacoes                  OBS



### Dados de Leitura ###

n   avg_L.Nn(T/m^n-2)   avg_L.Sn(T/m^n-2)   avg_L.Bn(T/m^n-2)   std_L.Nn(T/m^n-2)   std_L.Sn(T/m^n-2)   std_L.Bn(T/m^n-2)   avg_angulo(rad)     avg_L.Nn'(T/m^n-2)  avg_L.Sn'(T/m^n-2)
1	1.13236e-05	-2.12549e-04	2.12850e-04	5.33005e-07	3.27731e-07	3.23177e-07	      000.00	8.39344e-06	-2.12685e-04
2	6.69921e-01	1.84694e-02	6.70176e-01	2.74467e-05	6.00042e-06	2.73600e-05	1.37813e-02	6.70176e-01	0.00000e+00
3	3.93810e-02	-3.71065e-02	5.41087e-02	1.25359e-03	1.65128e-03	1.57986e-03	      000.00	3.78137e-02	-3.87025e-02
4	2.19447e-01	2.24481e+00	2.25551e+00	7.32348e-02	9.15839e-02	9.07805e-02	      000.00	3.42796e-01	2.22931e+00
5	-1.45766e+01	2.82480e+01	3.17872e+01	4.34997e+00	6.05031e+00	4.98184e+00	      000.00	-1.25971e+01	2.91846e+01
6	-6.83498e+03	-4.39413e+01	6.83513e+03	3.20054e+02	3.57643e+02	3.27425e+02	      000.00	-6.81526e+03	5.20734e+02
7	-4.46949e+04	-7.33484e+04	8.58931e+04	1.37243e+04	1.63019e+04	1.09505e+04	      000.00	-5.15519e+04	-6.87024e+04
8	-1.64360e+06	-8.33383e+05	1.84281e+06	9.75927e+05	6.93595e+05	1.04644e+06	      000.00	-1.72531e+06	-6.47483e+05
9	-1.59076e+07	-2.15357e+08	2.15943e+08	5.02695e+07	6.09686e+07	6.22460e+07	      000.00	-4.24280e+07	-2.11734e+08
10	9.77661e+10	1.71661e+10	9.92617e+10	5.06817e+09	4.03763e+09	4.71962e+09	      000.00	9.91974e+10	3.57248e+09
11	2.37280e+11	-1.71719e+11	2.92898e+11	1.22094e+11	2.09954e+11	1.72752e+11	      000.00	2.08627e+11	-2.05582e+11
12	1.40212e+13	-2.92579e+12	1.43232e+13	1.04049e+13	1.39085e+13	1.14071e+13	      000.00	1.33482e+13	-5.19407e+12
13	-2.89295e+14	-7.77826e+14	8.29882e+14	3.80041e+14	5.33862e+14	4.37592e+14	      000.00	-4.23273e+14	-7.13824e+14
14	-5.43924e+16	-2.71414e+16	6.07880e+16	3.22184e+16	3.38164e+16	3.14102e+16	      000.00	-5.85873e+16	-1.62084e+16
15	-8.99650e+17	1.76528e+17	9.16806e+17	2.14769e+18	2.15912e+18	1.28108e+18	      000.00	-8.44264e+17	3.57423e+17



### Dados Armazenados ###
-5843526	-5896146	-6032722	-5947749	-5982486	-6366626	-6127713	-6312557	-5976006	-5520658
-16795844	-16637674	-16319025	-16559841	-16647856	-16578120	-16818196	-16441219	-16707835	-16965626
-26936668	-26899842	-27000538	-27001036	-26951276	-26861126	-26866806	-26800620	-26704288	-26596470
-36152432	-36412288	-36505368	-36465404	-36574604	-36253396	-36413132	-36624288	-36613452	-36923868
-47081232	-47065904	-46785068	-46929504	-46952240	-47105060	-46721096	-46828084	-46699568	-46526868
-54770996	-54576816	-54644484	-54528788	-54541036	-54518744	-54872744	-54749252	-55001784	-55086944
-64343232	-64185596	-64166232	-64493848	-64264432	-64294684	-64143812	-64072292	-63819356	-63829200
-71093104	-71367968	-71478840	-71266096	-71479264	-71465272	-71445160	-71457312	-71926336	-71763984
-79033328	-79030448	-79019280	-79155128	-78803384	-78779736	-78956456	-78810944	-78534368	-78737136
-85525216	-85537392	-85602968	-85421696	-85555096	-85708664	-85593680	-85782544	-85675872	-85758144
-91323120	-91061664	-91037088	-91242088	-91111816	-90990464	-90934624	-91014992	-91033440	-90987576
-95029488	-95055216	-95069784	-95007960	-95070800	-95152448	-95110984	-95054168	-95239368	-94967136
-100605544	-100676600	-100667056	-100537096	-100655880	-100586008	-100623840	-100535648	-100598648	-100704472
-101789992	-101820088	-101847648	-101730744	-101867168	-101840120	-101796736	-101876192	-101796696	-101767192
-104896632	-104805784	-105014224	-105020048	-104874752	-104951368	-104987192	-104859680	-104951424	-104925968
-105841856	-105929344	-105806960	-105785176	-105924424	-105924904	-105743776	-105779360	-105865544	-105937192
-103893648	-103895624	-103944576	-103939864	-103811080	-103829688	-103908376	-103830416	-103915336	-103866648
-105529688	-105291224	-105478928	-105383080	-105492264	-105348904	-105443808	-105339608	-105561008	-105451840
-100008392	-100073624	-99843536	-99960240	-99970696	-100027264	-99948392	-100013152	-99731912	-99862616
-98713352	-98647384	-98869648	-98600328	-98686344	-98584640	-98804536	-98794024	-98896376	-98811576
-93827128	-93811616	-93840904	-94019360	-93943040	-93957464	-93861968	-93708704	-93826344	-93761792
-88038928	-88018496	-87863032	-87800184	-88125536	-87922528	-88015544	-88085048	-88238544	-88289248
-83862720	-84072920	-83873216	-83921592	-83917600	-84136944	-83871352	-83815232	-83711392	-83637944
-74667216	-74690216	-74795200	-74945856	-74555352	-74820624	-74817776	-74927496	-74966784	-75031392
-69368032	-68979584	-69058184	-68947808	-69291304	-69025680	-69051384	-69072416	-68894736	-68858272
-59872368	-60213328	-59886176	-59960884	-59989104	-59923508	-60027588	-60191700	-60186444	-60090888
-51860032	-51572152	-51960212	-51862772	-51539796	-51764564	-51665568	-51587492	-51587260	-51778372
-42320960	-42748336	-42542056	-42593536	-42749956	-42688900	-43048456	-42620272	-42916632	-42727380
-32822410	-32592682	-32403094	-32581610	-32656302	-32643772	-32230838	-32231306	-32363586	-32534700
-22816054	-22662006	-22997410	-22639604	-22862128	-22919740	-23064402	-23341628	-22997078	-22546540
-12505225	-12431827	-12542136	-12429526	-12286095	-12286879	-12151855	-12135397	-12217450	-12555282
-1794165	-2408809	-1852557	-2260813	-2059617	-1943632	-2175351	-1920847	-2078563	-2191725
8222560	8364243	8446595	8402878	8549247	8519092	8473060	8455130	8396033	8281777
19021794	19082926	18539264	18790708	18576408	18686596	18866436	18724240	18926242	19338326
28307434	28626242	28684216	28584862	28535812	28498464	28299448	28313412	28116162	27927692
39075564	38737092	39174336	39201336	39066732	39264288	39093092	39220952	39192896	39377784
48155244	48121472	47952664	47793352	48158024	47700644	48096296	47974156	47997852	47809844
56563604	56880280	56687932	56783792	56669800	56955196	56954688	56927400	56821820	57203648
66239404	66209676	66170912	66296984	66183748	66229076	65791448	66036584	65970708	65609472
72116680	72019056	72384320	72143592	72279168	72256504	72310448	72271176	72486304	72649600
81722472	81719728	81513992	81489360	81635784	81355192	81458688	81420968	81349320	81243560
85657136	85729840	85766336	85767120	85789488	85748888	85833240	85890744	86002128	85974456
92738816	92596752	92521528	92529240	92574616	92553672	92543400	92747888	92424032	92590296
96879944	96955928	96975872	96908336	96877448	97064792	96967448	96849168	96959056	96907112
100269272	100206568	100259440	100355688	100243672	100265624	100185296	100306792	100386040	100297816
104012304	104085120	104118736	104027560	104180792	104182016	104129528	104174528	104023752	104164920
104777056	104598960	104690472	104670056	104665656	104600872	104695680	104618920	104746096	104704848
106179832	106243128	106166072	106165880	106198776	106188248	106158056	106215720	106062840	106203032
105259896	105181696	105287880	105290496	105278360	105249504	105324408	105244040	105271984	105260024
104404624	104358832	104457080	104190216	104217816	104360232	104228272	104307328	104459368	104284728
101383432	101420576	101475680	101461984	101513080	101365136	101465408	101448640	101232496	101427320
98226512	98227736	98233808	98296280	98295904	98195640	98260240	98216608	98410456	98463432
93042496	93092264	93229264	93190888	93065808	93065032	93111184	93095096	92882144	92952936
88812216	88845776	88744136	88820736	88721000	88778072	88809240	88837080	88982096	88966776
82575568	82242008	82157304	82178600	82359544	82234000	82037096	82206976	81950184	81934384
74731472	74932336	75026456	75131184	74669568	75060392	75066648	75136096	75266672	75352928
68290848	68123640	68274728	68145360	68509872	68171368	68246064	68067928	68145000	67863168
58594232	58692524	58535408	58678420	58677832	58707912	58947052	58967904	58916908	58933736
51271084	51502168	51557252	51191536	51077940	51206184	51043484	50991704	50906252	51162976
40907012	40975840	40954752	41295684	41286132	40965876	41179564	41040516	41159128	40923752
31655938	31538880	31552700	31573332	31533046	31692864	31264204	31474024	31445436	31578058
21517172	21219290	21336378	21402810	21578218	21717268	21797054	21511548	21670538	21590212
11084432	11213984	10944608	10787516	10692289	10744013	10727349	10790147	10791840	11009749
460868	409252	753737	847802	768248	472403	483542	877000	562427	235681
-9920437	-9861338	-10073946	-10016749	-10111482	-9835634	-9945330	-10033790	-9713167	-9674293
-20194886	-20134854	-20288774	-20442622	-20163826	-20429418	-20365578	-20468628	-20363100	-20515946
-30590768	-30781978	-30422142	-30598138	-30484364	-30498650	-30268110	-30328350	-30344988	-30103488
-39864112	-40068736	-40095136	-39806736	-40125764	-39848292	-40319848	-40258192	-40454956	-40702188
-50658848	-50385308	-50233648	-50247036	-50247156	-50262176	-49946160	-50061004	-50092480	-49763112
-57862712	-57937988	-58150716	-58204952	-58123224	-58308632	-58399044	-58114996	-58450132	-58544664
-67478512	-67383296	-67383584	-67219256	-67400160	-67099568	-66969732	-67321160	-66853736	-66845096
-74529544	-74619192	-74473144	-74613648	-74374272	-74645768	-74929608	-74739168	-75000616	-74806192
-82108184	-82162968	-82300752	-82237336	-82065936	-82098648	-81719096	-81798088	-81772256	-81929776
-88151488	-88210360	-88240728	-88159624	-88321184	-88351432	-88455816	-88487192	-88547416	-88402144
-94258224	-94175704	-93983528	-94190176	-94228760	-94143248	-93959144	-93975240	-93980704	-94044088
-97563856	-97552368	-97591024	-97469472	-97595136	-97492312	-97680184	-97647392	-97600544	-97583704
-103165320	-103146136	-103221312	-103339128	-103237696	-103187984	-103150744	-103174856	-103169752	-103207232
-104406400	-104565040	-104474400	-104449352	-104395176	-104522984	-104575024	-104461944	-104578408	-104471056
-106939104	-106823016	-106824896	-106958664	-106884984	-106907136	-106811376	-106888880	-106815912	-106988248
-108251200	-108267064	-108408128	-108306856	-108340032	-108289072	-108332384	-108339880	-108249520	-108327840
-105950240	-105872656	-105752576	-105890024	-105806712	-105883344	-105810552	-105855024	-105982976	-105823408
-106927400	-107020728	-107112816	-106979704	-107124744	-107010912	-106986816	-107059128	-107005864	-107134536
-102195360	-102211776	-102134080	-102163600	-102154640	-102128544	-102181136	-102077456	-102133496	-101907288
-100125576	-99996584	-100064208	-100081960	-100016144	-100099408	-99930456	-100152808	-99983504	-100249528
-95468568	-95630624	-95494104	-95648424	-95630336	-95381808	-95601352	-95513656	-95538280	-95372280
-89219520	-89445568	-89432120	-89309560	-89372640	-89468056	-89638880	-89711632	-89615976	-89552960
-85180104	-84906888	-84940336	-84843536	-84728352	-84728520	-84732272	-84639824	-84549184	-84669752
-76044072	-76010976	-76216528	-76219768	-76395984	-76384896	-76373416	-76285640	-76384792	-76523232
-69708968	-69925728	-69592328	-69752248	-69697232	-69628128	-69422680	-69492880	-69660952	-69415536
-60781964	-60875496	-60798112	-60851124	-60985944	-61050940	-61068220	-61288992	-61227044	-60990768
-52799416	-52487044	-52859436	-52476396	-52292360	-52458040	-52470604	-52225876	-52298788	-52622008
-42819732	-42929144	-42896972	-42946188	-42910452	-42944304	-43235048	-43116224	-43085684	-42982080
-33490982	-33326690	-33085324	-33475104	-33445722	-33169328	-33129708	-32933884	-33308628	-33440118
-23026564	-23235586	-23205914	-22910238	-23203880	-23394976	-23015158	-23511186	-23110016	-22684008
-12656181	-12536571	-12701961	-12748117	-12543493	-12393928	-12369187	-12452532	-12542097	-12782845
-2099164	-2375862	-2172142	-2491828	-2223425	-2519877	-2513144	-2267098	-2243267	-2313005
8522951	8519635	8532083	8801794	8728429	8752395	8665576	8622910	8549595	8340777
18708180	18920282	18736906	18806760	18517936	18670444	18550468	18631626	19031770	19138000
28979888	29040496	29002460	29129342	29150832	29086720	29182718	29069992	28481862	28621344
39213564	39349620	39370852	39213956	39389948	39352228	39427864	39389992	39648376	39883984
48586880	48611280	48641068	48768300	48632732	48791400	48367296	48302740	48447320	48115652
57816584	57689632	57813308	57525364	57628140	57731932	57986484	57824100	58036560	58056128
66920876	67097392	66959776	66808892	66804244	66691520	66383444	66879436	66437876	66753492
73359280	73310192	73279424	73439880	73458696	73472432	73579856	73635336	73667712	73421424
82649016	82743624	82638256	82618880	82736496	82638984	82689720	82333896	82621744	82440576
87421232	87219888	87494696	87348336	87501456	87428592	87552936	87495328	87545160	87449024
94244032	94146104	94016584	94205440	93969160	94091864	94016792	94144736	94091432	94191256
98843704	98742496	98910688	98881568	98873472	98896016	99095456	98935224	98854816	98685000
102266224	102497872	102406184	102245056	102348560	102145152	102216608	102378504	102348560	102373704
106378456	106075608	106302792	106386584	106376624	106438144	106359088	106222480	106156136	106287808
107254952	107313624	107284800	107211456	107296024	107149408	107249856	107345280	107315520	107254272
108860056	108738472	108807144	108784424	108716200	108854728	108770000	108708720	108751888	108830712
108196976	108255624	108247384	108249520	108247800	108252824	108191608	108303376	108251256	108282536
107356872	107338080	107270728	107443320	107331288	107413472	107432432	107340560	107318848	107290032
104648560	104587648	104677680	104522920	104693440	104517280	104492288	104539568	104518176	104510056
101493720	101524912	101468960	101486648	101517824	101541056	101704952	101606088	101524456	101730288
96410104	96388848	96385552	96220840	96385064	96327056	96455104	96374584	96442744	96256488
92236792	92240504	92287408	92319656	92316512	92328368	92403528	92285728	92494600	92399248
85692592	85633408	85699600	85823328	85617232	85605024	85504128	85548512	85436520	85404696
78544960	78608392	78440936	78474344	78371312	78568680	78699176	78832424	78681080	78869664
71910664	71899824	71943864	71797608	72153544	71901208	71631296	71631040	71599992	71619848
62251200	62127604	61980836	62047968	62168164	62277204	62698680	62333668	62493172	62436176
54915496	55071756	55237092	55001448	55031028	54809148	54681224	54903852	54740784	54769388
44631148	44377588	44696888	45004952	44730844	44723312	44739000	44972684	44971928	44555428
35399112	35519972	35379784	35309992	35202828	35306964	34967320	35268304	35205760	35628964
25054180	25435990	25189602	25055194	25464774	25462870	25728394	25213900	25132874	25055224
14807107	14742974	14867462	14688537	14761569	14377832	14538685	14532881	14759665	15099718
4484912	4169696	4326361	4438050	4416553	4863660	4436145	4675612	4371201	4044551
