### CURVA DE EXCITACAO - BOBINA GIRANTE ###

### Dados de Configuração ###

arquivo                      C:\Users\labimas\Desktop\BQF_03_Bobina_Nova\Fonte_300A\BQF_03_Medida_01.dat
data                         05/02/2014
hora                         17:11:48
temperatura(C)               0
ganho                        100
nr_pontos_integracao         128
velocidade(rps)              1.0
aceleracao(rps^2)            0.5
nr_coletas                   1
nr_voltas                    19
intervalo_analise            2-18
sentido_de_rotacao           Horario
corrente_alimentacao_avg(A)  0.00000e+00
corrente_alimentacao_std(A)  0.00000e+00
observacoes                  OBS



### Dados de Leitura ###

n   avg_L.Nn(T/m^n-2)   avg_L.Sn(T/m^n-2)   avg_L.Bn(T/m^n-2)   std_L.Nn(T/m^n-2)   std_L.Sn(T/m^n-2)   std_L.Bn(T/m^n-2)   avg_angulo(rad)     avg_L.Nn'(T/m^n-2)  avg_L.Sn'(T/m^n-2)
1	7.13854e-06	-4.35527e-05	4.41339e-05	3.26533e-07	3.36167e-07	3.52780e-07	      000.00	6.54190e-06	-4.36463e-05
2	1.64643e-01	4.50720e-03	1.64704e-01	1.90511e-05	1.13542e-05	1.89971e-05	1.36844e-02	1.64704e-01	0.00000e+00
3	1.04061e-02	-1.29787e-02	1.66353e-02	6.19057e-04	1.23471e-03	1.19491e-03	      000.00	9.86464e-03	-1.33948e-02
4	6.34274e-02	6.48432e-01	6.51527e-01	5.61444e-02	4.57574e-02	4.61891e-02	      000.00	9.88084e-02	6.43991e-01
5	-5.15616e+00	1.08385e+01	1.20025e+01	3.31290e+00	3.96055e+00	4.23506e+00	      000.00	-4.40308e+00	1.11657e+01
6	-2.32653e+03	1.64589e+01	2.32659e+03	3.32218e+02	3.39271e+02	3.30011e+02	      000.00	-2.31734e+03	2.07212e+02
7	-9.45707e+03	-1.48866e+04	1.76365e+04	1.45618e+04	8.62977e+03	1.12679e+04	      000.00	-1.08375e+04	-1.39138e+04
8	-2.07724e+05	3.38787e+05	3.97399e+05	7.39012e+05	9.76411e+05	5.52778e+05	      000.00	-1.69466e+05	3.59454e+05
9	1.00756e+07	-3.61377e+07	3.75161e+07	4.65094e+07	4.05060e+07	3.73751e+07	      000.00	5.55986e+06	-3.71018e+07
10	2.21462e+10	5.48655e+09	2.28157e+10	3.33244e+09	4.76896e+09	3.11384e+09	      000.00	2.26876e+10	2.41413e+09
11	3.10989e+09	5.64165e+10	5.65022e+10	1.28901e+11	5.80674e+10	7.56468e+10	      000.00	1.15350e+10	5.53122e+10
12	1.55609e+12	-3.04414e+12	3.41880e+12	1.09854e+13	7.77437e+12	7.54869e+12	      000.00	1.03752e+12	-3.25757e+12
13	-3.17830e+14	-1.02199e+14	3.33857e+14	3.68418e+14	3.87000e+14	2.05563e+14	      000.00	-3.30899e+14	-4.43426e+13
14	-3.54839e+16	-1.47321e+16	3.84205e+16	3.24669e+16	4.54472e+16	2.82908e+16	      000.00	-3.76398e+16	-7.70599e+15
15	-1.96741e+17	-1.54149e+17	2.49938e+17	2.71166e+18	2.70295e+18	1.44695e+18	      000.00	-2.24031e+17	-1.10812e+17


### Dados Armazenados ###
-2020555	-1903169	-1392169	-1084445	-1106905	-1473046	-1068715	-1107418	-1221431	-851801
-3471932	-3503454	-3670234	-3868615	-4056205	-4091930	-3999091	-4029998	-4232232	-4176314
-6418204	-6365528	-6732593	-6798398	-6334344	-6213780	-6366670	-6429591	-5989963	-6540034
-8999573	-8855238	-8576898	-8657486	-8718612	-8750635	-9212552	-8729035	-8978748	-8835582
-11101742	-11462894	-11656274	-10968455	-11543054	-11278052	-10947790	-11142679	-11052322	-11095850
-13505279	-13138446	-13111134	-13730741	-13029236	-13400262	-13485337	-13712405	-13719200	-13726636
-15351767	-15814805	-15480254	-15302795	-15771760	-15348582	-15498289	-15205424	-15575791	-15202437
-17445134	-17224592	-17404956	-17404398	-17350232	-17809622	-17273792	-17899690	-17307914	-17549010
-19431854	-19089868	-19155984	-19145990	-18996420	-18951764	-18969232	-18839308	-19113904	-19314506
-20790032	-21120056	-21027364	-21214170	-21126456	-20950946	-21267354	-21103432	-21142282	-20624652
-22170446	-22095842	-22169248	-22042990	-21971554	-22284068	-22013868	-22069990	-22160636	-22304160
-23198244	-23140570	-23211650	-23153092	-23428604	-23263460	-23236332	-23208206	-23082862	-23153368
-24490018	-24534724	-24502152	-24588378	-24496774	-24467316	-24617306	-24667216	-24660772	-24695762
-25001616	-24941434	-25061986	-24912260	-24852566	-24953122	-24835962	-24829426	-24814832	-24893916
-25538314	-25589244	-25560542	-25580898	-25620038	-25624130	-25628390	-25597778	-25674308	-25602804
-25918698	-25866524	-25883164	-25906278	-25928596	-25925548	-25896132	-25932720	-25874152	-25856592
-25418902	-25346084	-25389488	-25382828	-25338952	-25417242	-25349030	-25405910	-25443470	-25317312
-25725480	-25776660	-25737012	-25731576	-25803468	-25829904	-25794900	-25797856	-25743938	-25854674
-24463414	-24482588	-24467918	-24508436	-24492704	-24323258	-24465772	-24307940	-24241690	-24382718
-24095238	-24107870	-24153326	-24085972	-24082200	-24252234	-24203138	-24086264	-24166740	-24104252
-23026440	-22781798	-22949306	-22766334	-22810342	-22779172	-22690884	-22937980	-22964958	-22820136
-21167288	-21623860	-21338362	-21571054	-21568088	-21708716	-21649738	-21615356	-21651916	-21691884
-20647770	-20382050	-20632758	-20560938	-20470798	-20249578	-20381764	-20372712	-20065112	-20472326
-18333980	-18138790	-18376460	-18226824	-18118668	-18191780	-18160308	-18164382	-18454726	-18024262
-16774432	-16954492	-16340334	-16785096	-16713700	-16766622	-16916634	-16870532	-16828860	-17015186
-14575914	-14836849	-15059327	-14813446	-14988669	-15041099	-14546809	-14323234	-14772266	-14362246
-12581491	-12083576	-12195131	-11937911	-12183509	-11920498	-12411998	-12509447	-12435693	-12727163
-10126284	-10265704	-10388379	-10545169	-10521448	-10626537	-10643537	-10691931	-10075500	-10267212
-7770688	-7899145	-7882129	-7847446	-7787136	-7822380	-7602558	-7316497	-8063192	-7809189
-5885493	-5804026	-5683576	-5726575	-5327887	-5229217	-5583856	-5561558	-5433831	-5453942
-2310879	-2117797	-2383127	-2325691	-2767484	-3160363	-2440224	-3075385	-3008700	-2713030
-752475	-737166	-696170	-763372	-466841	-307375	-591137	-374175	132351	-169210
2401885	2201717	2805200	2469626	2145886	2645411	2068998	2529116	1941357	1657002
5074622	4838302	4704868	4915095	4816042	4557180	5102436	4759975	4808162	5572514
6905684	7278920	6994689	7009549	7437695	7041287	7188562	6852593	7462806	6734975
9789768	9648813	9719998	9726724	9660553	10085330	9766660	10214562	9916473	9870358
12190341	12332994	12257946	11970521	11921154	11869785	11700889	11559979	11452002	11838988
13916092	14009584	13873206	14477551	14350440	14090663	14699316	14831313	14613694	14461103
16490734	16611015	16421504	16346012	16167092	16469610	16183689	16013262	16506437	16331750
18213940	17733534	18162492	17941508	18464752	18052602	18055756	18041024	17815202	18067056
19989172	20226002	20070904	20439580	20093950	20093482	20099046	20439042	20106782	20483858
21574066	21558282	21655532	21209840	21178268	21626916	21561474	21178892	21644952	21208868
22845992	22810944	22798420	22947376	22880430	23024246	22901560	22972894	22926696	22911984
24220270	24257354	24145220	24324864	24338240	23996694	24230454	24245884	23921200	24031260
24851756	24778384	24881838	24708194	24772988	24904600	24813962	24873128	24947564	24940966
25867540	25931164	25943644	25946176	25873998	25824594	25863844	25839304	25939520	25886612
25964786	25974044	26020096	25987594	25925886	25924266	26029278	25989172	25943220	25980380
26333496	26401080	26354854	26346416	26340194	26394784	26349510	26366680	26391852	26357698
26192140	26145344	26114196	26146072	26148776	26143108	26093256	26114202	26142452	26123112
25919286	25887848	25922956	25843278	25881910	25971288	25988696	25989552	25985266	25973042
25115098	25228416	25314036	25275598	25246874	25077330	25223604	25239984	25013554	25024538
24463524	24495224	24422782	24500758	24408508	24634422	24536380	24469754	24547866	24590042
23255730	23215508	23090796	23136706	23241350	22925504	22908752	23075760	23188134	23077362
21979818	21997494	22015228	22091918	22023032	22137218	22277328	22427632	22101064	22237332
20518994	20532988	20597586	20560082	20360740	20486576	20432198	20272624	20219118	20452838
18670734	18772132	18629122	18829466	19047388	18992758	18679562	18942422	18976838	18521526
16932700	16877780	16997074	16560475	16899898	16634158	17060288	16531638	16989710	17294606
14956640	14931555	15090593	15233914	14926463	15061938	14911771	15037156	14842164	14739509
12971663	12795073	12559570	12309415	12595592	12798190	12751324	12892125	12623737	12708324
10358487	10362734	10362047	10835386	10411519	10231952	10067527	10190856	10458352	10192749
7830935	7830133	8157958	7771259	8000951	8028036	8243183	7920675	8286935	8374134
5885857	5787919	5829578	5680387	5783098	5747118	5645093	5801886	5062104	5414906
2422426	2956512	2351475	2975137	2527691	2934896	2609917	3083582	3527190	3325607
799388	665620	920869	266404	914617	60211	638960	378845	317881	-146555
-2221010	-2695533	-2239333	-1805432	-2257497	-1810362	-1847135	-2362499	-2325251	-1666791
-4779264	-4538888	-4824281	-4762627	-4853475	-4672730	-4981790	-4599724	-4708618	-4802234
-7092170	-7010529	-7002558	-7270682	-6954972	-7445993	-7217278	-6817007	-6808466	-7203320
-9458820	-9498162	-9496353	-9421767	-9677758	-9360306	-9656078	-10076824	-9929082	-9754596
-12007649	-12071069	-11966377	-11814107	-12230777	-11714620	-11610037	-11772058	-11891125	-11638673
-13976612	-14017190	-14304958	-14064302	-13954699	-14574236	-14511372	-13906319	-13987328	-14373718
-16073147	-15999233	-15878718	-16448988	-15840747	-15804694	-15975975	-16051534	-16086463	-16215585
-18296660	-18324198	-18161478	-17830578	-18451834	-18418834	-17874372	-18363438	-18431634	-17748686
-19657786	-19643190	-19925734	-20001080	-19563536	-19667760	-19730900	-19783518	-19719942	-19820498
-21495596	-21412858	-21277320	-21320058	-21379770	-21334004	-21768532	-21354020	-21232760	-21460612
-22729432	-22723376	-22728420	-22738600	-22673150	-22770732	-22675328	-22885298	-22772650	-22754994
-23652538	-23705684	-23666310	-23731120	-23983426	-23883884	-23629784	-23555758	-23803998	-23622008
-25020282	-24943380	-25003964	-24982590	-24856168	-24899542	-24976634	-25014474	-24912300	-25231176
-25422184	-25495390	-25519664	-25481510	-25430836	-25535990	-25399788	-25332650	-25441210	-25329392
-25937578	-25864282	-25955412	-25904998	-25843854	-25909140	-25899916	-25992076	-25998192	-25944858
-26363416	-26309632	-26321410	-26328062	-26334382	-26287366	-26314116	-26329558	-26300396	-26354494
-25683446	-25669782	-25744086	-25711436	-25703072	-25702866	-25602782	-25771016	-25703892	-25679808
-25975300	-26002534	-25905436	-25997062	-25972432	-25989194	-26031154	-26048384	-26025022	-26034056
-24851022	-24876772	-24790424	-24826450	-24810662	-24689192	-24697564	-24694766	-24659420	-24657642
-24272334	-24079966	-24335102	-24155810	-24208952	-24452156	-24356848	-24367676	-24421840	-24313276
-23149104	-23360960	-23113938	-23180080	-23146416	-22932002	-23142784	-22991096	-23048614	-23106456
-21670796	-21465756	-21629782	-21793042	-21855188	-21835800	-21815250	-21981864	-21735964	-21642448
-20557824	-20576854	-20581356	-20119990	-20258208	-20495358	-20189576	-20085624	-20363548	-20668748
-18476820	-18471198	-18571706	-18894888	-18813596	-18698746	-18836230	-18725190	-18704330	-18574726
-16781060	-16860620	-16561631	-16564485	-16621150	-16376166	-16489338	-16706086	-16539467	-16473995
-14718236	-14680217	-14751926	-14690715	-14649575	-14821411	-14851321	-14622532	-14641881	-14978948
-12584165	-12399557	-12674357	-12660716	-12425584	-12420317	-12448716	-12395994	-12716170	-12667402
-10177919	-10675620	-10111809	-10451601	-10650783	-10686811	-10414114	-10549231	-10367182	-10040739
-7678913	-7711349	-7896962	-7616394	-7611862	-7494115	-7557932	-7904946	-7984062	-8114301
-5834689	-5329565	-5800850	-5626572	-5324497	-5398603	-5584262	-5381839	-5278993	-5209684
-2377745	-2798494	-2148366	-2402150	-2914008	-3013760	-3040994	-2693460	-2895155	-3046199
-488370	-636379	-665650	-408539	-424371	-332304	-159661	-425177	-225397	-62700
2316900	2953635	2291397	2092959	2318446	2621713	2678239	2133786	2171516	1991230
4831710	4546118	5115104	5169350	5227971	4734378	4774681	4990844	5209387	5184517
7836137	7183258	7132092	7084221	6915615	7056456	6952698	7232320	7186941	7151796
9667155	10372887	9797265	9894514	10109083	10470087	10495323	10061470	9906503	10330178
12129496	11962448	12090689	12326096	12350735	11665291	11832695	11981901	11869869	11733318
14280185	14352416	14473037	14438956	14322263	14479750	14428396	14635259	14992937	14603685
16734309	16570536	16841490	16332245	16466193	16477595	16400423	16377905	16349915	16604801
18463908	18370388	18140164	18555458	18322954	18639872	18688584	18765414	18317170	18441844
20337504	20628614	20323662	20413366	20528408	20110988	20215072	20213058	20368498	20360142
21680568	21711688	21898966	21633704	21756424	21976120	21770204	21739716	21810000	21693746
23348758	23243514	23329400	23313092	23315564	23298862	23523200	23458534	23371342	23445496
24642668	24502130	24625170	24622626	24500514	24542850	24396836	24535960	24473416	24399882
25295466	25260356	25316000	25301150	25342606	25311410	25318440	25362192	25409506	25362026
26444772	26496744	26441868	26388714	26446670	26336630	26442332	26287824	26323888	26359404
26544434	26539774	26585762	26577582	26515814	26532722	26553416	26582748	26596408	26587410
27004048	26973736	26954436	27032912	26961886	27004540	26948758	26966494	27015756	26942182
26775854	26869164	26736962	26831234	26776346	26781516	26892822	26752858	26869326	26847190
26635664	26516874	26624068	26458158	26577626	26694886	26624952	26614556	26647194	26643068
25847574	25939422	25919284	26005934	25998186	25800784	25783524	25892702	25799880	25783706
25185998	25085160	25138254	25216948	25183146	25287186	25179132	25245132	25264466	25169672
24050128	24080314	23802906	23727076	23707238	23639024	23905296	23632066	23826046	23967804
22634084	22585544	22940682	22996890	23106480	23149748	23060594	23090162	22786590	22769086
21356212	21315008	21284364	21239024	21087776	21148530	20925896	21191532	21187658	21368156
19620518	19708450	19356312	19470044	19523540	19522454	19662178	19743564	19699634	19581042
17693604	17458722	17820858	17871722	17807200	17888564	17745412	17305120	17888020	17545862
15484264	15997070	15879401	15493493	15595820	15761784	15740851	15820804	15565148	15823515
13752803	13124924	13173341	13696083	13653227	13311358	13582822	13725911	13554232	13742832
11348011	11468746	11629180	11235811	11360660	11071765	11036105	11260552	11051624	10879989
8482419	8904100	8301715	8628842	8267864	8985421	8905191	8401073	9169485	9175919
6911133	6759477	6906160	6521107	6670003	6643105	6591298	6674895	5817844	6156184
3155823	3079789	3261972	3582162	3897169	3397613	3487664	3945037	4263174	3753507
1765836	1642395	1425621	1312854	925179	1428627	1343748	981603	1227706	1260710

